57095371
57095080
57094791
57094472
57091423
57091025
57090747
57090475
57090230
57089878
57089594
57089247
57088931
57088654
57088430
57088180
57076759
57076557
57076344
56994831
56984920
56984488
56984167
56983854
56983563
56983005
56982616
56982204
56981398
56981091
56980641
56980266
56979964
56642703
56642428
56642132
56627330
56627137
56626929
56626520
56626341
56625819
56625557
56625213
56610973
56610628
56610315
56609795
56609518
56609221
56606397
56606070
56605820
56605358
56605064
56604672
56604336
56604068
56602371
56602059
56601740
56601376
56601039
56600786
56600527
56600287
56600062
56599835
56597575
56576784
56573956
56571981
56571559
56568141
56567777
56564509
56563941
56563298
56562664
56522994
56522656
56522283
56521909
56521667
56521399
56521134
56520843
56520494
56518340
56517954
56517650
56514807
56514585
56514428
56500069
56499751
56473776
56473446
56473257
56472971
56472734
56472469
56472152
56471784
56459412
56458801
56458457
56458163
56457885
56457589
56457389
56457162
56456941
56456695
56447647
56402165
56398253
56397942
56397490
56374917
56374572
56374348
56328840
56326558
56319647
56319304
56310314
56309175
56308937
56308665
56306201
56305895
56305670
56305484
56305154
56293678
56293291
56293033
56292580
56292015
56291790
56287054
56286873
56286632
56286230
56275613
56275286
56274883
56229225
56228962
56228373
56212965
56211454
56211267
56211068
56210871
56210537
56205091
56204729
56204197
56203961
56203478
56203209
56202919
56202620
56202413
56202178
56201810
56201348
56188251
56186985
56186745
56186507
56186144
56185848
56185644
56185348
56169523
56169163
56168782
56168466
56167968
56167581
56167211
56166780
56165005
56161990
56160809
56159994
56159473
56159109
56158339
56156803
56156472
56155952
56155639
56154663
56153674
56153283
56152911
56152330
56152058
56151805
56151401
56151042
56150772
56149186
56148884
56148485
56148141
56147881
56147602
56147430
56147170
56146822
56146547
56146330
56146025
56145649
56101361
56101066
56100869
56100622
56089783
56089366
56087855
56087490
56087186
56086941
56086581
56086326
56085871
56082373
56081962
56061371
56061105
56060740
56050014
56049820
56049634
56048362
56048057
56047784
56047130
56046659
56046243
56045912
56045492
56041719
56041322
56041074
56040748
56040389
56040116
56039661
56038871
55648556
55647895
55647135
55646700
55646158
55645706
55645025
55641497
55641206
55640930
55640517
55640137
55639839
55639625
55639366
55638811
55638515
55623829
55623505
55623168
55622623
55622274
55621974
55621602
55621084
55620241
55620010
55615855
55615466
55615121
55586943
55586745
55585731
55585469
55542821
55541981
55541690
55541400
55541033
55540694
55540357
55540070
55539788
55539261
55535304
55534825
55534525
55533941
55504894
55504696
55504498
55504319
55504118
55503939
55500057
55499737
55499253
55498983
55494627
55491556
55491093
55490752
55490524
55490274
55490008
55489678
55464489
55463880
55463685
55463479
55463224
55462929
55459178
55458593
55454967
55454005
55440392
55440150
55439984
55439550
55439328
55439122
55438820
55438226
55437913
55424179
55423985
55423832
55423156
55422700
55422374
55405093
55404764
55403858
55403138
55402833
55402603
55401299
55400399
55400066
55389185
55388514
55388336
55388114
55378084
55377705
55377467
55346623
55346362
55346035
55335763
55335418
55334489
55331800
55329939
55329039
55325747
55325268
55323120
55322725
55322401
55320166
55296176
55295878
55295507
55295150
55227805
55227517
55227147
55226804
55187016
55070507
54990116
54989037
54917210
54851854
54851514
54851188
54850519
54849410
54848113
54847783
54847385
54847107
54846684
54846374
54846175
54845962
54845657
54839222
54838775
54776488
54776219
54773308
54772847
54769189
54740927
54730571
49903700
49797682
49756193
46208593
46208009
46071820
46061296
45420147
45357275
45263685
45263413
45263072
45222052
45221854
45129103
45069163
45066209
45063362
45063001
45060788
45037635
45037315
44944380
44943266
44830741
44830480
44829956
44829309
44829071
44771769
44771184
57880655
57880306
57879559
57876060
57875896
57875732
57875605
57875431
57875279
57548956
57548629
57548438
57548192
57547818
57509160
57508803
57506899
57505327
57503446
57484301
56914254
56913965
56912957
56911301
56911000
56910721
56910273
56886047
56885406
56884840
56873461
56843212
56843010
56810599
56809665
56808014
56807834
56807627
56807053
56806223
56805131
56804950
56803870
56803618
56802363
56768815
56766828
56764929
56764768
56764492
56764278
56763868
56763677
56763550
56752247
56752022
56728282
56728034
56727729
56727024
56726566
56722926
56722722
56722544
56721987
52534472
52534129
52533831
52532747
52532513
52532039
52531928
52531135
52530467
52509178
52508881
52508112
52507860
52503744
52501761
52491937
52331332
52330878
52330715
52298994
52298658
52253137
57004110
56021481
56019532
56018487
56018310
55907466
55904311
55904008
55903708
55902509
55902325
55901403
55900821
55900377
55899997
55899773
55788295
55758260
55754948
55754785
55754324
55753849
55750369
55636969
55635007
55606982
55603027
55562085
55523769
55517857
55514982
55363445
55358583
55357781
55357459
55335210
55334281
55287045
55203032
55202901
55086099
55084270
55057315
55047287
55046474
54985267
54984107
54800565
54471467
54248119
53910277
53534500
53437901
53433095
53416260
53390733
53390138
53365555
53362824
53362642
53362279
53321605
53321257
53290410
53288918
53288693
53282718
53282511
53256254
53246645
53176096
53174149
53109470
53101358
52865331
52811909
52811514
52794581
52750516
52718937
52712808
52711154
52677576
52677386
52558675
52486107
52460787
52447596
52443911
52443736
52442962
52442813
52378296
51888070
51877516
51765751
51760215
51759848
51756154
51755277
51754438
51753735
51712496
51712290
51611795
51610249
51609748
51608609
51607038
51579011
51577651
51577315
51577162
51574499
51574275
51573239
51573022
51572857
51572159
51516489
51515418
51513886
51480395
51478714
51477478
51475299
51469283
51457349
51366788
51363216
51271672
51271468
51265570
51263696
51262460
51260232
51260022
51226342
50873043
50871046
50869832
50867693
50867376
50863244
50861583
50861484
50861128
50860381
50853167
50839985
50839589
50838582
50838001
50837552
50836986
50836826
50836603
50804752
50771311
50763663
50679436
50668956
50668645
50667894
50644838
50644648
50641471
50638171
50636787
50636582
50632768
50602902
50596272
50595750
50577653
50570743
50570527
50569719
50564594
50537451
50537159
50534838
50534258
50534143
50431932
50429766
50411211
50405590
50404206
50402755
50402336
50398578
50398476
50397835
50369837
50364186
50364028
50345966
50344581
50340987
50331608
50304057
50301445
50245472
50200338
50198137
50170022
50159939
50159526
50157350
50157198
50156881
50156441
50123734
50100217
50096615
50091519
50088284
50060429
50058529
50058130
50057366
50055773
50054103
50023811
49956877
49956019
49955373
49955191
49936303
49927949
49923406
49892273
49891592
49890815
49867875
49867593
49866756
49866189
49862999
49857412
49854984
49853382
49819351
49695702
49685174
49681793
49681445
49655165
49654907
49653366
49637933
49630214
49628024
49585500
49242111
49241137
49149939
48999577
48976868
57541295
57483253
57482707
57482428
57475287
57475069
57473947
57473609
57473329
57473111
57472838
57472540
57471978
57461739
57461550
57461278
57460958
57460645
57460410
57460223
57459998
57459680
57442253
57441737
57441573
57441376
57441197
57441049
57429944
57387572
57387278
57387038
57386867
57386567
57386273
57386000
57385701
57382648
57382371
57381741
57364713
57364582
57364439
57364157
57363603
57363269
57349233
57348971
57348675
57348404
57348128
57347818
57347481
57345747
57343864
57343512
57318084
57317827
57317524
57317270
57316839
57316766
57314744
57314500
57314191
57311803
57311481
57300825
57300582
57300236
57286822
57286706
57274145
57273796
57273482
57273197
57272961
57272696
57272490
57272174
57271417
57271120
57270736
57269689
57269481
57269332
57269082
57267949
57267685
57267457
57267072
57266328
57264424
57228534
57228258
57218166
57209628
57187474
57186971
57179944
57179506
57154777
57154487
57124468
57124142
57114098
57087219
57087003
57076473
57050022
55062158
51576218
51575988
51557064
51556743
51556533
51554102
51549563
51542193
51415975
51415487
51411619
51267043
51071175
51059793
51030066
50910431
50894546
50894402
50838424
50837913
50836639
50828990
50804319
50679886
50678788
50678377
50567338
50567062
55877201
55876831
55876403
55875462
55874880
55873739
55797434
55796477
55774133
55773797
55773413
55773126
55772106
55771793
55771434
55771097
55770594
55770394
55770154
55769495
55724925
55724116
55722651
55720376
55719791
55719505
55719148
55718786
55654579
55651980
55649457
55623814
55621987
55621520
55610216
55580870
55580429
55580043
55576448
55576183
55567806
55567106
55542812
55541768
55541434
55541036
55539876
55538062
55537542
55530136
55529749
55529041
55495496
55370668
55296976
55296605
55294856
55294531
55293952
55265557
55264888
55263858
55263448
55262997
55262622
55262126
55259818
55259132
55258906
55258489
55258202
55257728
55257301
55256938
55256541
55256018
55254528
55254145
55226833
55226300
55225205
55224872
55224381
55223840
55223380
55222992
55219004
55126319
55125894
55125579
55125301
55125031
55103812
55103390
55026635
54405177
52735392
51842308
51841877
51841610
51841394
51841116
51840865
51840555
51840314
51840059
51839750
51837300
51835603
51834678
51834195
51833296
51832572
51832067
51831582
51831113
51799101
51797135
51788221
51787660
51787353
51787025
51781907
51781596
51781106
51591757
51591470
51557274
51555531
51554523
51554155
51553826
51553557
51552820
51551335
51549151
51548753
51407396
51406998
51406728
51406443
51405707
51339625
51115360
51102752
50845065
50844498
50844092
50843767
50842429
50841854
50708873
50708502
50708047
50707763
50707397
50707117
50706802
50706402
50705975
50705676
50705106
50679486
50678078
50647450
50646870
50646473
50619597
50617896
50617549
50617236
50616103
50614691
50614337
50516012
50515082
50511887
50511479
50508773
50507859
50507436
50451622
50450423
50450081
50449632
50219386
48606795
48606209
48559105
48558649
48493391
48493072
48492565
48492009
48489284
48485079
48418232
48417641
48417134
48416741
48416249
48415705
48414852
48414385
48374807
48374272
48374028
48372748
48372565
48372200
48359059
48358422
48358014
48327457
48322185
48292217
48290945
48282590
48281430
48280509
48278928
48278518
48255002
48254460
48253054
48239818
48239069
48238832
48238429
48236491
48206369
48173805
48173407
48172812
48165692
48165229
48160641
48160190
48134863
48104915
47960381
47958988
47957738
47955785
47923853
47912419
47911964
47911187
47894219
47878667
47877796
47873628
47873178
47872922
47785171
47782757
47606530
47605937
47576686
47528201
55882984
55865421
55859089
55849944
55848785
55621194
55391969
55103392
54968337
54967763
49720307
49718816
49710111
48808813
48183295
48147555
48046626
48044527
48034677
48034407
48029260
48003585
48003107
48002205
47992158
47968431
47968147
47937449
47604341
46495063
45768083
45703740
45703375
45703113
45679640
45656400
45591947
45505356
45402973
45402626
45399720
45372739
45338746
45312732
45249632
45188462
45186640
45006493
44991416
44990929
44987447
44987257
44986975
44986409
44977766
44958531
44958232
44942782
44942064
44867873
44867561
44800738
44742943
44720137
44680057
44662824
44511823
44450190
44448225
44356114
44284940
44270320
44248084
44247885
43850490
43762323
43757999
43701817
43684988
43684282
43683977
43649261
43646608
43628193
43628010
43627442
43624877
43617360
43594352
43559389
43559244
43556864
56144282
56129639
55944756
55909206
55896722
55859439
55811082
55805783
55779060
55775550
55761623
55256669
55252338
55251241
55229279
55228071
55227203
55225931
55222302
55222014
55221753
55217598
55217273
55216614
54781968
54776869
54776435
54745356
54745169
54744757
54743046
47105658
47104771
45068765
47227541
47227262
47226840
47225983
47222442
47220935
47220634
47220139
47165843
46893509
46892965
46885040
46832580
46828133
46827607
46705822
46702397
46184684
46184434
45158508
45155572
45130183
44973069
51579209
51572818
51550699
51537101
51516491
51514282
51482143
51472235
51469050
51468824
51368176
51342988
51275598
51261344
51242716
51242229
51235181
51233991
51197983
51175067
51135816
51129562
51129299
51069603
51068981
51068442
50994952
50977503
50911201
50910758
50901085
50900701
50897926
50897741
50867595
50867271
50838932
50778034
50719087
50665451
50643800
50643381
50634874
50634607
50634288
50633934
50547217
50446224
50443451
50442562
50432816
50432332
50409484
50403458
50378088
50365968
50365726
50338179
50335327
50335125
50334906
50334646
50334356
50334103
50333882
50333616
50332352
50314035
50312959
50312572
50308599
50308319
50306070
50302329
50302145
50302004
50301760
50285597
50284448
50216977
50214888
50214481
50212921
50209846
50207047
50206460
50205887
50205330
50194051
50166034
50155969
50135275
50134149
50128690
50105068
50104754
50103808
50103514
50101738
50067797
50006353
50006175
49972593
49972335
49971798
49969988
49962611
49961357
49958301
49957564
49946684
49931982
49929454
49903357
49902501
49902015
49899779
49895620
49894813
49894112
49893808
49871206
49866839
49866114
49865526
49865087
49864797
49864491
49862695
49861324
49856888
49838442
49838111
49798802
49770396
49769039
49767593
49761564
49760847
49733858
49730729
49730176
49729418
49725246
49719435
49718597
49717695
49717284
49716699
49708280
49708083
49707133
49697781
49696256
49695748
49695303
49694875
49694377
49693553
49690605
49689101
49686793
49686493
49686220
49683178
49667464
49665751
49661245
49660430
49655608
49653712
49653221
49652359
49652143
49651217
49632225
49631868
49630768
49629530
49628926
49628550
49625890
49625644
49623602
49623222
49622847
49622588
49617531
49617288
49598884
49596172
49595937
49593358
49592302
49591734
49552271
49527195
49526895
49523933
49523615
49511471
49493583
49469897
49451207
49447206
49427544
49421517
49410220
49409960
49394990
49389808
49387838
49385432
49385097
49384753
49382216
49358581
49358143
49357786
49354216
49352990
49348090
49347768
49289804
49252792
49248208
49243316
49241432
49218985
49215740
49206405
49205967
49186975
49177905
49177489
49175941
49174010
49173749
49156071
49155668
49146489
49142918
49142664
49135874
49111434
49109627
49107919
49105484
49105007
49103146
49049167
49046676
48976256
48975935
48970340
48967790
48967511
48935750
48935559
48919010
48895520
48865916
48806492
48714877
48454418
48374111
48342778
48264611
48134432
48058099
48057637
48057286
47916433
47886900
47872793
47857613
47819090
47809078
47804991
47765724
47765513
47742814
47712872
47702076
47701777
47701526
52240961
51646819
57427597
57425677
57425070
57423784
57364008
57363812
57355052
57342910
57327392
57325587
57324063
57323455
57316470
57315186
57313900
57312988
57306499
57305952
57298997
57270270
57261798
57227717
57227199
57226596
57226255
57222709
57222136
57218472
57212587
57212192
57211861
57211506
57211211
57210623
57210246
57186338
57185593
57178841
57176369
57174804
57155740
57152590
57151543
57125625
57043500
49956244
49822748
49720432
49681544
49580902
49476609
49238839
48667069
48416387
47737660
46935551
46752636
46600440
46599609
46416263
46335730
46335016
46115205
45686821
42565230
42528985
42527913
57879826
57503139
57502774
57502159
57500287
56888655
56886815
56885174
56884968
56875065
56874154
56849035
56809505
56805911
56768100
56767425
56766521
56764078
52531625
52530725
52530034
52528193
52528100
52527770
52525783
52525037
52524758
52523995
52507280
52505874
52505573
52502835
52502172
52324586
52324411
52292578
52290649
52289940
52277845
52277511
52247961
56562989
56161218
55587200
55503665
55399654
55319768
55319458
55145385
55023289
54989795
54989371
54960426
54957884
54957167
54937580
54935918
54850832
54777025
54772304
54768781
54767083
54731795
49870003
49798708
49608499
45891812
45813317
45812629
45812072
45708596
45708045
45586393
45467705
45467198
45460138
45446620
45446450
45424210
45423436
45419821
45419488
45386772
45356237
45313805
45282350
45280465
45280160
45268687
45261808
45247886
45245357
45244959
45242698
45241983
45222214
45185629
45185388
45185128
45184802
45178932
45129291
45128072
45124641
45124251
45068996
45066538
45065706
45065363
45060478
45037859
45033479
44948854
44944885
44764183
44712784
44712424
44710692
44710349
44654133
44653888
44652939
44624525
44624196
44578004
44565105
44559691
44556589
44556265
44555840
44555009
44554712
44547802
44535280
44045423
44045217
44045018
44036042
44017722
43883543
43672078
43556184
43435904
43432153
43289066
43288924
43288772
43288624
43288455
43288313
43288166
43287942
43287745
43287496
43219957
43133567
42999419
42988336
42883883
55990986
55987152
55983047
54769082
50830714
50536109
50532126
50432098
50431844
50304546
50038071
49986900
49647674
49478261
49378487
49341082
49135711
49101981
49059142
49028784
48608601
48608218
48606987
56111864
56110063
55693064
55583185
55580904
55487341
55441946
55363979
55340128
55287190
55284585
55238579
55222347
55202613
55092411
55087467
55086382
55061484
54988244
54979206
54934680
54870347
54765950
54765616
54756554
54706396
54571080
53328210
53320841
53151025
53136273
53135073
53060199
52708389
52677573
52677117
52411966
51883031
51873418
51837665
51810741
51780898
51611985
51273402
51264982
50402892
49818772
49662941
49661275
49655064
49514420
49513907
49236065
49175401
49141357
48617907
48375293
47993909
47949467
47764995
47614856
47285338
47155498
46750344
46390175
46324231
46050695
45933695
45872687
45300675
45274614
45273779
45196760
44903026
44797345
44795666
44795276
44753203
43971341
43835106
43808480
43776758
43643937
42512081
58369138
57095524
55995270
55097409
55089470
54878132
53407631
53379360
53377103
52240151
51702992
51619455
51378057
50899331
50875957
50720748
50250423
50247289
50037189
49978105
43043092
43014047
56518136
56493788
56481823
56481351
56460815
56429945
56415359
56406557
56367686
56322684
56312320
55366026
55364586
55267719
55227204
55187252
55180134
55133231
55127429
55095174
54589730
54473152
54053635
54027930
53945444
53410706
53149759
53148700
53134110
52907158
52906861
52868354
52788569
52774343
52754131
52664376
52639546
52579015
52577868
52233319
52219024
52218775
51860946
51743354
51676783
51670150
51369290
51367680
51342605
51328012
51318521
51318008
51166252
51135368
51024218
51018502
50943640
50907668
50889063
50854289
50825001
50820191
50819859
50817766
50793528
50677251
50669545
50669289
50645802
50611996
50599826
50599551
50543891
50483712
50423786
50423158
50421648
50411727
50401589
50401345
50400287
50400048
50388891
50372847
50350445
50349730
50348428
50346711
50005864
49898960
49869153
49847911
49847736
49812545
49805728
49742796
49742539
44837138
44821636
44820888
44677068
44576108
44564260
44529471
44526983
44322173
44273714
44205727
43230227
43131133
42969717
42969089
42968875
42968152
42407528
42407059
42399097
42085231
57686688
57779730
57759519
57759346
57757876
57636799
57006300
57004904
57004654
57004454
56964765
56950883
56950425
56927987
56680473
56677422
56677161
56665380
56637465
56598304
56596322
56595596
56516212
56492836
56469910
56459371
56458263
56282370
56222291
56222058
56211431
56167081
56166401
56081404
56081117
56079910
56064310
56062835
56061587
55957482
55957070
55956734
55956268
55921023
55920351
55918679
55889001
55877887
55838353
55837956
55806038
55799387
55748513
55731737
55731431
55696606
55654006
55626324
55625889
55622495
55622035
55613177
55612805
55585582
55585325
55285445
55275723
55271278
55267319
52761506
52761132
52742403
52742165
52741930
52698921
52697334
52691186
52667208
52667031
52666759
52664539
52660519
52646145
52622468
52607664
52607338
52603234
52589651
52589433
52587902
52587607
52587038
52586103
52582520
52582117
52581648
52571246
52570876
52566062
52564173
52563497
52563220
52562142
52536843
52536322
52535915
52535570
52535176
52402142
52095313
51912321
58386308
58385860
58304878
58301865
58293128
58289011
58285693
58285307
58264701
58263614
58245206
58243172
58241845
58179528
58175144
58165551
58162034
58099244
58033039
58032539
58025139
57992104
57891157
57827301
57739569
57413237
57194105
57153605
56990750
56816445
56710992
56661965
56661546
56645827
56645029
56644612
56607404
56603026
56601733
56566005
56563809
56563405
56559530
56559194
56528790
56527817
56519045
56518590
56439651
56437302
56395652
56313825
56311324
56310897
56273384
56228894
56192828
56189792
56128400
56116754
56105254
56027397
56020038
56016687
55985783
55978451
55799997
55737995
55730897
55718746
55715750
55599783
55524947
55492865
55460387
55460018
55459633
55400156
55364047
55299383
55290654
55289940
55138543
55102454
55101678
55098523
55070963
55062784
55062468
55032205
55029251
55009989
54996241
54994361
54993851
54989719
54921481
54913958
54848692
54847521
54814583
54777966
54774289
54738730
54737844
54482448
54476347
54392430
54365971
54298874
54294508
54287988
54282569
54240991
54178729
54177866
54176127
54068523
54067549
54043562
53955551
53954642
53947208
53944486
53831367
53828942
53604739
53603742
53578322
53572800
53559804
53543981
53524519
53524075
53417954
53417367
53416656
53382404
53381317
53380776
53380460
53378118
53377652
53375958
53325214
53307506
53306371
53305787
53271206
53222958
53197604
53153864
53153313
52989341
52971100
52970482
52966280
52965750
52926029
52895153
52892698
52779972
52779627
52779202
52752827
