66489518
66213782
66213235
66212845
66212328
66212014
66211604
66211199
66210369
66207354
66207040
66206274
66186550
66185847
66157065
66156176
66155560
66152638
66121975
66121230
66114087
66113206
66111456
66110883
65973702
65973227
65972662
65961668
65957177
65956620
65918005
65917451
65900126
65899679
65899274
65897058
65863408
65769213
65768657
65715259
65710712
65710382
65709843
65708146
65707548
65707024
65706419
65685062
65683739
65670551
65654578
65652826
65606331
65596221
65592527
65584333
65580394
65580010
65579637
65579287
65578776
65578381
65577774
65577289
65576600
65553517
65553083
65552557
65545887
65544516
65511532
65511138
65510679
65470662
65468676
65468092
65465152
65464493
65463779
65463195
65462801
65462384
65461828
65430565
65430024
65429219
65428716
65428086
65427679
65426854
65426242
65425792
65425337
65412356
65410976
65397489
65392101
65391556
65391110
65390763
65390127
65385406
65348657
65344411
65340447
65339361
65306890
65305649
65305295
65302311
65281553
65281008
65278287
65277675
65276901
65276608
65275698
65273545
65273176
65269755
65269218
65241835
65241195
65240607
65240259
65239684
65239385
65238276
65237779
65237292
65236543
65236124
65201206
65181636
65181179
65180359
65179643
65179130
65177026
65176586
65176000
65175302
65173813
65172701
65155159
65154697
65154207
65153350
65152911
65152523
65150741
65150378
65141580
65141281
65140935
65139804
65139511
65139303
65120400
65119887
65119534
65112111
65111768
65111375
65110443
65110043
65109456
65108129
65098272
65097672
65093909
65081483
65081232
65080777
65047538
65046850
65046451
65045329
65044466
65041491
65040969
65040313
65027625
64997628
64997223
64996587
64995811
64995185
64994474
64993849
64992935
64992463
64991936
64989254
64988520
64987423
64986956
64986230
64985125
64980521
64980026
64979714
64972404
64971978
64971426
64970480
64970093
64937245
64936671
64935188
64934587
64934012
64933450
64932926
64932465
64931889
64931326
64927585
64927048
64926498
64923161
64922510
64921960
64921655
64913164
64912441
64911899
64911430
64910969
64910427
64893949
64893681
64832083
64831728
64831405
64811990
64810936
64801757
64801373
64799986
64797365
64793077
64790980
64790221
64774465
64773876
64773408
64772860
64767719
64767316
64766824
64748480
64748049
64747358
64747031
64746634
64746261
64745342
64744965
64740849
64730917
64710767
64710366
64709754
64708809
64708331
64662398
64661869
64649792
64649376
64648972
64648460
64646061
64645415
64644333
64644072
64643744
64643408
64643075
64625672
64624266
64623686
64623262
64622830
64622018
64621485
64620950
64620441
64615477
64614845
64614335
64608169
64607687
64607186
64597959
64597334
64596855
64596356
64594326
64591059
64590297
64589678
64589130
64551824
64551400
64542061
64541456
64537247
64536729
64536180
64535487
64531366
64530578
64529909
64504615
64504037
64503635
64503211
64502710
64496141
64495642
64488458
64487859
64487297
64442438
64441648
64441171
64440668
64440264
64396438
64372024
64371510
64370959
64370528
64370010
64361578
64291329
64284182
64282793
64281513
64281099
64280683
64278851
64278079
64277756
64275524
64275232
64271838
64254767
64254320
64252466
64251065
64250634
64237117
64236651
64234973
64233665
64233223
64227541
64227224
64226930
64190627
64190116
64180853
64180397
64179854
64142508
64142150
64141721
64141292
64076184
64063513
64056668
64055503
64055077
64054597
64046571
64046268
64044197
64043972
64021080
64008675
64008081
64007250
63979966
63979512
63957443
63956906
63956400
63949736
63938561
63938076
63936972
63934805
63887225
63886741
63883455
63874397
63873769
63873429
63865835
63865257
63864860
63862363
63832517
63832094
63814034
63811435
63810846
63810157
63756650
63756252
63687051
63686654
63634772
63634023
63633376
63632808
63632021
63598565
63572755
63571967
63571471
63570879
63569934
63569488
63569128
63568722
63566849
63566177
63565775
63565490
63564912
63563291
63562514
63562080
63561741
63390399
63389965
63345230
63340757
63330445
63298576
63285588
63285235
63284776
63284267
63283588
63272986
63270064
63221876
63220788
63220205
63219669
63219040
63218482
63217851
63217191
63216597
63215916
63215355
63215004
63214615
63208844
63208339
63207888
63207506
63207211
63206822
63165945
63100497
63100056
63099215
63098673
63022503
63016884
63016309
63015816
63014354
63013779
63010656
63010200
63009665
63009117
63008326
63007965
63007579
63007147
63006856
63006292
63005857
63005593
63005208
63004849
63004409
63004140
63003714
63003224
63002879
63002582
63001105
62999830
62973101
62972156
62971655
62970309
62964862
62962492
62954724
62951218
62942346
62934281
62909503
62908730
62907908
62907282
62906848
62906153
62901811
62890025
62889532
62889017
62888590
62887495
62886859
62885986
62885464
62884529
62884113
62883593
62882810
62881974
62881027
62875586
62875098
62874156
62868996
62868631
62867972
62867234
62828835
62805396
62800606
62800280
62800030
62768374
62767882
62767267
62753584
62753126
62743854
62734784
62540489
62540129
62536608
62536239
62535917
62535398
62534282
62504610
62503004
62502433
62501958
62500724
62500348
62490569
62490204
62489875
62466051
62465646
62447010
62441704
62441140
62439777
62436051
62435629
62434079
62433948
62433097
62432805
62403580
62393351
62393086
62392869
62390671
62384069
62383801
62383396
62354832
62242993
62242401
62198602
62138542
62138319
62137947
62137667
62130499
62130109
61875392
61875086
61874696
61874384
61766773
61632579
61632331
61614105
61613749
61613443
61599294
61587532
61559322
61509040
61508651
61508230
61476093
61470202
61468626
61468300
61468001
61467789
61416068
61415485
61415117
61414928
61387862
61387438
61387027
61386647
61386322
61386075
61355795
61351852
61351478
61351031
61350669
61334582
61330100
61329872
61311348
61310877
61310673
61310371
61310073
61255895
61243017
61237421
61216388
61205169
61204886
61204629
61200075
61190671
61173279
61169149
61168811
61168474
61158084
61149953
61149646
61149259
61148691
61115214
61111009
61108534
61108357
61108090
61107868
61107600
61107401
61107156
61104019
61101529
61045716
61045500
61045384
61044394
61044285
60960744
60957169
60957081
60956916
60911038
60902670
60902379
60901914
60891197
60890693
60869176
60759028
60758566
60757958
60715473
60521880
60389960
60355813
60352140
60351787
60323771
60317649
60316634
60315366
60315088
60314497
60303571
60299939
60281630
60278128
60258837
60227365
60212021
60181744
60179893
60171650
60171419
60171215
60152305
60144749
60144279
60100111
60058270
60036894
60025011
59997437
59981608
59963169
59952114
59944202
59943889
59940294
59940096
59939697
59910510
59904902
59904539
59904148
59903817
59898791
59880181
59870535
59868424
59868172
59860592
59859819
59859514
59855235
59852662
59850504
59849894
59849268
59849058
59832875
59832633
59832379
59831826
59831574
59831034
59830286
59829399
59814486
59814101
59812082
59770186
59758770
59758424
59746613
59688155
59683319
59682559
59680346
59680048
59679795
59679543
59675575
59675184
59671468
59669664
59668511
59656226
59647908
59634584
59634340
59634097
59633825
59633577
59630127
59629867
59629360
59594179
59592807
59592549
59590883
59591816
59582635
59582466
59569072
59547018
59546635
59545372
59542124
59541835
59513292
59512928
59512555
59512175
59471478
59470947
59470553
59470179
59469859
59438288
59438056
59420239
59305946
59293231
59255724
59254673
59254496
59254336
59254178
59253929
59253722
59251037
59216276
59216123
59211607
59211433
59211305
59211142
59210949
59210702
59210538
59208125
59184887
59184505
59165132
59164947
59144961
59144672
59143951
59121733
59121513
59096848
59096533
59089206
59081724
59080576
59079671
59079536
59079330
59079182
59079037
59077512
59077303
59041192
59040914
59040686
59040418
59040269
59034380
58991574
58793578
58788865
58787081
58786843
58784567
58784334
58778669
58756719
58756303
58755472
58752563
58748167
58748038
58745408
58745094
58744659
58741445
58741303
58737819
58537347
58536567
58533207
58532613
58532392
58521122
58519569
58498592
58498207
58497634
58659313
58658403
58658229
58658025
58654789
58654418
58651835
58651689
58651476
58544438
58716924
58714504
58708055
58707192
58662017
58661775
58661301
58661108
58659686
58659480
58496034
58493780
58493108
58484486
58476607
58476439
58451266
58450399
58449191
58449028
58444249
58444078
58443761
58443696
58442778
58441419
58441183
58440704
58440410
58440041
58436293
58412782
58408348
58402300
58399564
58396447
58394572
58394279
58359594
58359389
58359050
58317235
58314116
58314005
58313849
58313227
58313032
58312923
58312777
58312613
58312486
58311051
58310438
58195275
58192131
58191930
58190875
58190649
58187346
58160780
58151430
58148443
58148212
58114462
58112484
58110744
58106838
58106678
58076014
58075777
58075678
58067172
58052759
58049434
58048391
58045945
58003699
58002475
58002256
57601593
57587972
57577231
57571418
57570934
57569648
57569474
57567642
57561348
57561143
57560537
57533968
57532317
57521899
57509689
57509433
57509195
57508803
57508498
57457876
57457555
57457245
57456812
57454891
57454548
57454024
57453834
57453509
57412867
57412640
57393097
57385526
57375022
57369959
57338385
57337814
57315130
57288479
57288082
57269689
57269481
57265306
57254557
57231581
57231235
57229494
57224125
57218089
57217724
57216891
57216612
57208461
57207857
57192228
57179307
57178900
57178315
57176407
57168224
57168051
57138547
57136954
57127532
57127359
57124991
57124683
57124384
57123654
57123476
57097007
57096605
57096297
57095862
57095139
57094791
57094379
57094057
57085849
57085494
57083564
57058459
57053057
57052705
57048379
57048102
57047947
57047625
57019130
57018807
57018311
57014200
57013730
57006300
57006195
57005983
57005746
57004371
56978096
56977626
56970558
56967894
56967711
56967558
56966604
56966358
56964076
56963929
56938536
56938203
56933161
56932677
56932433
56898343
56897439
56897107
56896756
56886860
56886545
56884067
56863907
56863413
56863098
56849017
56772746
56772298
56763775
56763554
56737506
56733548
56733095
56732870
56732627
56732348
56730706
56730358
56723672
56723232
56694603
56694186
56688341
56656119
56651205
56650945
56650607
56647175
56646819
56646430
56618619
56618257
56617827
56617485
56617144
56614826
56561830
56248051
56247760
56247443
56247215
56246989
56222098
56221895
56221606
56185606
56185334
56163786
56087855
56087490
56016687
56016557
55683823
55661952
55661559
55660558
55624614
55624140
55623897
55623731
55515693
55501692
55501097
55500141
55493210
55492974
55492386
55476956
55476180
55475893
55401656
55378992
55378689
55378305
55378084
55344889
55344708
55338138
55332103
55326277
55324661
55315438
55286907
55286638
55286265
55281457
55281208
55278665
55255009
55254523
55254051
55249642
55249085
55248575
55248221
55168225
55167853
55166463
55145388
55144885
55144473
55144118
55126404
55098186
55097776
55082908
55082667
55082417
55030003
55024672
54977706
54977492
54941735
54936590
54936359
54936170
54935978
54908166
54354698
54159836
54159131
53902312
53899435
53898189
53674882
53673812
53656614
53655008
53653993
53653391
53582740
53582310
53520421
53519213
53518917
53514385
53508707
53333621
53327383
53262044
53245426
53219833
53216545
53207144
53207014
53206883
53181694
53181310
53147855
53133689
53093496
53077596
53076536
53076238
53062928
53062582
53058276
53057128
53056929
53016064
53015761
52902534
52722012
52719080
52715251
52714881
52714621
52672166
52659832
52659641
52659364
52659073
52658399
52658029
52657757
52657283
52657004
52656791
52614506
52565546
52338524
52338069
52329475
52329079
52328854
52328574
52328439
52290136
52289938
52289214
52237768
52236440
52236546
52226696
52226256
52225786
52194996
52181476
52174665
51969787
51945768
51945071
51880882
51880401
51880011
51879534
51806570
51806210
51779203
51763502
51763140
51762867
51762513
51753459
51720425
51720162
51667468
51667233
51666857
51649298
51618777
51618429
51610850
51610224
51577651
51574882
51574696
51574418
51574275
51574046
51539087
51538764
51510815
51489883
51489483
51477351
51476958
51476538
51468278
51458984
51374990
51369478
51364898
51364477
51362957
51362682
51362009
51361727
51361561
51361227
51337194
51328111
51315831
51226762
51149465
51148199
51147868
51143353
51142299
51114925
51074069
51040892
51030564
50948380
50900452
50900219
50860935
50847055
50828111
50744658
50744322
50743844
50743154
50728930
50687740
50687519
50662437
50653207
50652910
50629752
50614418
50582864
50582561
50582280
50570292
50570047
50569839
50564403
50552595
50548749
50545753
50514105
50513545
50513087
50240945
50224402
50223470
50218833
50210567
50194434
50170595
50164971
50162198
50158726
50157350
50156267
50156079
50142248
50136235
50107580
50106654
50076099
50054103
50043974
50043627
50004737
50004504
50002676
50002465
49991880
49988594
49905650
49905217
49904316
49872232
49843397
49839536
49839158
49787379
49770084
49768748
49765438
49751083
49750793
49727963
49727674
49727318
49725941
49725648
49725335
49725049
49724741
49724089
49698514
49673277
49663376
49663020
49662638
49662244
49661916
49660126
49658505
49658208
49652893
49652615
49651658
49639373
49638421
49638129
49637852
49637620
49636981
49624659
49624395
49624060
49581549
49551626
49547898
49535739
49522379
49518966
49467007
49443707
49443516
49429989
49423427
49422731
49422444
49420635
49420238
49382704
49375464
49375296
49364329
49359647
49359326
49359071
49342810
49321290
49313985
49310114
49309927
49308858
49307887
49307713
49286185
49285549
49285336
49284907
49284380
49283795
49274254
49273939
49273528
49273231
49262179
49261645
49250735
49250251
49247095
49245807
49245347
49244886
49244064
49238339
49238120
49237967
49237721
49236601
49236298
49236093
49235923
49227785
49227543
49227221
49227020
49208709
49208532
49204835
49204660
49192945
49177489
49155667
49155305
49151277
49142909
49137939
49108598
49068196
49067902
49067516
49067213
49066871
49066748
49066344
49066115
49065768
49064710
49049277
49048855
49048561
49047934
49045715
49023101
49022862
49018816
48997633
48997376
48997026
48963722
48963615
48950278
48901937
48896950
48896698
48774523
48770916
48770749
48767264
48764259
48763738
48763570
48763046
48762686
48738661
48738036
48737509
48728900
48728730
48694846
48694318
48690077
48689851
48687679
48669892
48665755
48663001
48660846
48660554
48625091
48624781
48624277
48623513
48623632
48571666
48555260
48554861
48554627
48547725
48547230
48547021
48546764
48528641
48528291
48528066
48527686
48523891
48523669
48519298
48517744
48517486
48513979
48513867
48493420
48422254
48388598
48387913
48337975
48337312
48336749
48335828
48335567
48335241
48334877
48334476
48318686
48318365
48300499
48299659
48278513
48240637
48240152
48239884
48208596
48206445
48171241
48137022
48136724
48062484
48061435
48061038
48060612
47996270
47967718
47963242
47962950
47927698
47894228
47893677
47893213
47748337
47748037
47747755
47683617
47683205
47682970
47682637
47648206
47647926
47647623
47616857
47616008
47615835
47596638
47595316
47595026
47594774
47568621
47567942
47559418
47559017
47558752
47505244
47504865
47504383
47503983
47503067
47502330
47501821
47471284
47470338
47469541
47469282
47468982
47468566
47437764
47437409
47436743
47436246
47435701
47435407
47435054
47410193
47384311
47374334
47374005
47351824
47351433
47351234
47351014
47350553
47350324
47318970
47318783
47316504
47316182
47315964
47315753
47315584
47305051
47304777
47304492
47304081
47300685
47300378
47197148
47196784
47192763
47179996
47179830
47179325
47179150
47132636
47020181
47019960
47013172
46854920
46854640
46828164
46827607
46827244
46798732
46797941
46797261
46795877
46795625
46734904
46734490
46691583
46691143
46677937
46677639
46677398
46677108
46676120
46661411
46658478
46646508
46646286
46613352
46586004
46585706
46584257
46559786
46559456
46557353
46555779
46555399
46554393
46553149
46552869
46525833
46522272
46405761
46399956
46399461
46382928
46382852
46382755
46381190
46381063
46380745
46373329
46372511
46372227
46344657
46312693
46311656
46281367
46281035
46221252
46220809
46216874
46216639
46216347
46204789
46204533
46189471
46189280
46188898
46156949
46156587
46156445
46155033
46154836
46154572
46154116
46124584
46124278
46123975
46098086
46097300
46096944
46053680
46052016
45921158
45915873
45914442
45914133
45891256
45890973
45884505
45852160
45851794
45849813
45849585
45831454
45831277
45831022
45830743
45826745
45787232
45774763
45774635
45757758
45757437
45745809
45745665
45745525
45714061
45713885
45713684
45713315
45684816
45684290
45683985
45679422
45654636
45654516
45654390
45652880
45652720
45652542
45652515
45635953
45621518
45621144
45620932
45620741
45620601
45605306
45605091
45593141
45593040
45592922
45591947
45591787
45591633
45591544
45591407
45591259
45591167
45591061
45584375
45576545
45576162
45575348
45575044
45563525
45562899
45562732
45562581
45562493
45562203
45545025
45544627
45531558
45531440
45531317
45531076
45525021
45524629
45516816
45516325
45503974
45473943
45473770
45470745
45470592
45442682
45442079
45441940
45439738
45400954
45398254
45397957
45397642
45397051
45385725
45385420
45385073
45384805
45384581
45384333
45383131
45382844
45334776
45334231
45333806
45332539
45332248
45331722
45331045
44782510
44782328
44781579
44781224
44780775
44549570
44367968
44367586
44367264
64299739
64299295
64298162
64298045
64297342
64296129
64295027
62686309
62685997
62685638
62685148
62684647
62684270
62683942
62683631
62683323
62682951
62682605
62681812
62681425
62680947
62673143
62672978
62672761
62672467
62672253
62672034
62668882
62668697
62668530
62668203
62667998
62667822
62667673
62667483
62667252
62665629
62620077
62619844
62610443
62610112
62609744
62609226
62608897
62608550
62608185
62607444
62606885
62602034
62600333
62599757
62599178
62598696
62598074
62597578
62588846
62588524
62588092
62587680
62587119
62563183
62562841
62552843
62552358
62551790
62551328
62551017
62544440
62544173
62543962
62543600
62543306
62542837
62542432
62541748
62541347
62541082
62518427
62518197
62517908
62517757
62517408
62517025
62516756
62516326
62515581
62514910
62514806
62514269
62513777
62513217
62512199
62511944
62511443
62511125
62510477
62509991
62509635
62509172
62508663
62507854
62507411
62507083
62506682
62506241
62505704
62505199
62474303
62474106
62473885
62473634
62473352
62472844
62472540
62472092
62471841
62471638
62471298
62471106
62315243
62314678
62314292
62313927
62265284
62264877
62264239
62263763
62263405
62263044
62248803
62248324
62247858
62247304
62246624
62246112
62245718
62237911
62237552
62190719
62190128
62189310
62188922
62188434
62187953
62187611
62158569
62158175
62136599
62136233
62135862
62135383
62135009
62134681
62114735
62114491
62114138
62113765
62113519
62113273
62113018
62112763
62105430
62105089
61730504
61730080
61713594
61713456
61713240
61712854
61710623
61710251
61710022
61709782
61709463
61709103
61708634
61708039
61707233
61706938
61679933
61679577
61679133
61678678
61678244
61677878
61677453
61676575
61667163
61666781
61662696
61662452
61662156
61661899
61661279
61660936
61660327
61660044
61659636
61659228
61659039
61658615
61658303
61622571
61622363
61622102
61621880
61621667
61621423
61621202
61620986
61620615
61620246
61619684
61618302
61618055
61617774
61617483
61617110
61616809
61616483
61604189
61603901
61603601
61602960
61597141
61596926
61596657
61596372
61596073
61595830
61616160
61615598
61615137
61614543
61606870
61606385
61606255
61605788
61605341
61604819
61595554
61595363
61595120
61594904
61594572
61594280
61545643
61539453
61539279
61539128
61538940
61538760
61538655
61536311
61536095
61535894
61535708
61535544
61535264
61535107
61534868
61534654
61534364
61534078
61533817
61533548
61501268
61495562
61495410
61495173
61494948
61494734
61494531
61494127
61493897
61493649
61493350
61493050
61492883
61492681
61492308
61492057
61491684
61491322
61491103
61490619
61490337
61489856
61489117
61488510
61488214
61487883
61487472
61483099
61482777
61482249
61482022
61481215
61481061
61480669
61480409
61480053
61479710
61479464
61478071
61475819
61475436
61475129
61474693
61447657
61447403
61442408
61442158
61441777
61441365
61441000
61440626
61439845
61439301
61438859
61438420
61438204
61437797
61437399
61404684
61387523
61386972
61383260
61382910
61382509
61382072
61381681
61381236
61380888
61380509
61380175
61349646
61349233
61348895
61348528
61348048
61347580
61346899
61346383
61345831
61339020
61338682
61338333
61337493
61300150
61299836
61299519
61299155
61298909
61298515
61261816
61261370
61261055
61260621
61224530
61224308
61224077
61223867
61223490
61223214
61222823
61222271
61222042
61221788
61221330
61220894
61220557
61220182
61192066
61191843
61191492
61191158
61174510
61174293
61173912
61173465
61173061
61172723
61172371
61171943
61171541
61171171
61170691
61170301
61169903
61169528
61169308
61168915
61168482
61168076
61167603
61166968
61166516
61166203
61127253
61127016
61126589
61126173
61125782
61124903
61124379
61123911
61123407
61122878
61122447
61122030
61121596
61121094
61120648
61120317
61120009
61119645
61119335
61119035
61118807
61118292
61091992
61091730
61091318
61091007
61090764
61090597
61090440
61090343
61084441
61083999
61083643
61083359
61083009
61082687
61082277
61079304
61078802
61078632
61078181
61077678
61077405
61076691
61076333
61075925
61075580
61074913
61074532
61074197
61073844
61073539
61072960
61072550
61072111
61071758
61071477
61071162
61070852
61070358
61069775
61069361
61068505
61068198
61067926
61067575
61066941
60552962
60552572
60552275
60551952
60551508
60551105
60550181
60549662
60549162
60548884
60516232
60516009
60515841
60515671
60515361
60509997
60509567
60509115
60508728
60508455
60508063
60507637
60507420
60506958
60506632
60506166
60505698
60505078
60504562
60504162
60503798
60503298
60502789
60502141
60501872
60501524
60501231
60500802
60500467
60500130
60496280
60495853
60495405
60494939
60494491
60494141
60493681
60493223
60492898
60492472
60492139
60491610
60491399
60490880
60466041
60465695
60465449
60465139
60464872
60464525
60464165
60463758
60463337
60462766
60469558
60469302
60469051
60468765
60468299
60467837
60467509
60467247
60466950
60466393
60490540
60490086
60489625
60489235
60488979
60488747
60488486
60488240
60487816
60487469
60462391
60461903
60461671
60461419
60461033
60460645
60460171
60459884
60459460
60459092
60458754
60458209
60457621
60457380
60430224
60429566
60429070
60428303
60428138
60427743
60427723
60427416
60427321
60427139
60426933
60426687
60426502
60425971
60425707
60425512
60425299
60424268
60424096
60423952
60423632
60423382
60423220
60422950
60422520
60422278
60421625
60421418
60421204
60420932
60420447
60420212
60419932
60419624
60419290
60419022
60418769
60416692
60416313
60416045
60415660
60415329
60414701
60414069
60413554
60411761
60411463
60411185
60410836
60410528
60410214
60409937
60409480
60408776
60408270
60407437
60407061
60406689
60406266
60405904
60405513
60405142
60404302
60404090
60403576
60402992
60402661
60402063
60401833
60401359
60400795
60362457
60362106
60361499
60360968
60360603
60360171
60359798
60358943
60358510
60358142
60357694
60357351
60015413
60015263
60015004
60014688
60012296
59833106
59832412
59831582
59831308
59830946
59830613
59830028
59829682
59829358
59829049
59828587
59828287
59827970
59798862
59798610
59798378
59798239
59797964
59797739
59797369
59796967
59796445
59795709
59795537
59795380
59795116
59794897
59794726
59794514
59794353
59794048
59793791
59793422
59793278
59793065
59792821
59792615
59792229
59791943
59791721
59791450
59791178
59790880
59790264
59789552
59789217
59788870
59788163
59787814
59787317
59786878
59786520
59785978
59785684
59785362
59784880
59784358
59783999
59783783
59783471
59782982
59782828
59782647
59782307
59782095
59781386
59781056
59780567
59780449
59779943
59779312
59778660
59777942
59777488
59776872
59776211
59775353
59774893
59774267
66721293
62852148
62851909
62851661
62851382
62851043
62791354
62791112
62790798
62790490
62537173
62536889
62536664
62536327
62512963
62512612
62512204
62511572
62511255
62510851
62510601
62510285
62507718
62507330
62506993
62506627
62506236
62505848
62471465
62471285
62471114
62470890
62470682
62470493
62470290
62470105
62469844
62458164
62457815
62438992
62438753
62438546
62409765
62369940
62369675
62369447
62337301
62271158
62270963
62270810
62270656
62218112
62217938
62217725
62217574
62217348
62213224
62167381
62167242
62153885
62153431
62153179
62073141
62072947
62072584
62024213
62024006
62023822
62023559
62023344
62023152
62021416
62021119
62020864
62020590
62019400
62018959
62002284
61979356
61979148
61979028
61978880
61978754
61978631
61978388
61978140
61977907
61977625
61977465
61977247
61976970
61976864
61976637
61976458
61976204
61946405
61945905
61945533
61945346
61945145
61944965
61930199
61929972
61899062
61898792
61898512
61898266
61882913
61882522
61839800
61839656
61839451
61833826
61833590
61833370
61833081
61832728
61832420
61832065
61831793
61831528
61725342
61725035
61724910
61724628
61724373
61713099
61712895
61712697
61698970
61698483
61698170
61698000
61682535
61661996
61661778
61661424
61642368
61642186
61641849
61641573
61641274
61640989
61622065
61577416
61577158
61577006
61576844
61576498
61557114
61556677
61556283
61527139
61526892
61526541
61526344
61526040
61525619
61525275
61524964
61524274
61524045
61523795
61523360
61518133
61476588
61476236
61465032
61464704
61464465
61464196
61451151
61407856
61407648
61407423
61407206
61407015
61406864
61406658
61356378
61356214
61355989
61352853
61352605
61352391
61352098
61351681
61331080
61330860
61330630
61330328
61330094
61329482
61329244
61329042
61328658
61319600
61319365
61319137
61318877
61318610
61318428
61318243
61318021
61317863
61317678
61317456
61317283
61317124
61316819
61315225
61315019
61314871
61314729
61314563
61314449
61314263
61312059
61311949
61311690
61311430
61286283
61285911
61268062
61267608
61267342
61267138
61266819
61266580
61266306
61266089
61265844
61265643
61265443
61264958
61264677
61264460
61264172
61263881
61263465
61263019
61262581
61262218
61261986
61261693
61261270
61260928
61260490
61260063
61259857
61259496
61259104
61258692
61258428
61258168
61223628
61223416
61223209
61222587
61222319
61221547
61156703
61156401
61156137
61155922
61141983
61141836
61141585
61141185
61140938
61140678
61118602
61118337
61118067
61116795
61116390
61111913
61111604
61111318
61110730
61110467
61110158
61109943
61109640
61109349
61108950
61108734
61107190
61106878
61106510
61106062
61105948
60913116
60912874
60912702
60912416
60912189
60888034
60882946
60882488
60867648
60867425
60867242
60818727
57243175
57242863
57160842
56960220
56960058
56645029
56644612
56630420
56630214
56630061
56596934
56596704
56596322
56596252
56595983
56584719
56584548
56584257
56583947
56583620
56582127
56505659
56505494
56505289
56504766
56421187
56420876
56420553
64246125
64245124
64242767
64242302
64241860
64241460
64239742
64239268
64238822
64238370
64237507
64230362
64229963
64229211
64228841
64228525
64227846
64225185
64224569
64224242
64223982
64223537
64195775
64195149
64194719
64194086
64193540
64193063
64164833
64164523
64164141
64163879
64163628
64163290
64163006
64162714
64162304
64161914
64161667
64137168
64136754
64136315
64135861
64135449
64135054
64134593
64134132
64133520
64132895
64132509
64132124
64131787
64131048
64130427
64129998
64129394
64124982
64124342
64123912
64123357
64123001
64122565
64122032
64121625
64121157
64120613
64120181
64119738
64119251
64118700
64118315
64117764
64117301
64116809
64116079
64115572
64115126
64114784
64113304
64112891
64112574
64112176
64111713
64111187
64110821
64110452
64110150
64109777
64109303
64102705
64102464
64102088
64101578
64101217
64101024
64100768
64100338
64062192
64060231
64059784
64059341
64058650
64058111
64057664
64056729
64056111
64055195
64054735
64054336
64053734
64053379
64053095
64052654
64052275
64051802
64051416
64042723
64042388
64041888
64041612
64034408
64034165
64033878
64033614
64033216
64033042
64032861
64032524
64032335
64032000
64031416
64030991
64030684
64030542
64030248
63970065
63969429
63889058
63888486
63888005
63887461
63886888
63886491
63885728
63885212
63884565
63883941
63883424
63843345
63843104
63842662
63842374
63842061
63841564
63841260
63840882
63840445
63839987
63839622
63839185
63838588
63838082
63837655
63837342
63836809
63836295
63835556
63834763
63822511
63822043
63821438
63814878
63812550
63441966
63441475
63441323
63440793
63440314
63440088
63439809
63439527
63439277
63438782
63438235
63438005
63437720
63437442
63402403
63401757
63401279
63400788
63397725
63397251
63396814
63396304
63395823
63395416
63395172
63394640
63394335
63394059
63393641
63393143
63392461
63392012
63390951
63382486
63364961
63364120
63363697
63363381
63351758
63351031
63350598
63350271
63349756
63349259
63349015
63348487
63347350
63346933
63346347
63346061
63345693
63132614
63117915
63112625
63049952
63027106
63026518
63026017
63016126
62986395
62985983
62985522
62984572
62955530
62955121
62952567
62890893
62890258
62889266
62888567
62886816
62886143
62884259
62883737
62883122
62882692
62882148
62881394
62880899
62880385
62879920
62879619
62878875
62849591
62849235
62848607
62847952
62847464
62846849
62845954
62845405
62845064
62844254
62842904
62842348
62841600
62816340
62815806
62813392
62812774
62812388
62812088
62811715
62811272
62810838
62810209
62804859
62804486
62777440
62777015
62773891
62767967
62767418
62767016
62766314
62765605
62765121
62764595
62763862
62763189
62762691
62762012
62761571
62760932
62760307
62759768
62759064
62758219
62757620
59747873
55877201
55876831
55876403
55875462
55874880
55874379
55874055
55873739
55798264
55797829
55797434
55797042
55796477
55796081
55795790
55795416
55774133
55773797
55773413
55773126
55772681
55772106
55771793
55771434
55771097
55770594
55770394
55770154
55769836
55769495
55725400
55724925
55724582
55724116
55723832
55723544
55723311
55722975
55722651
55722268
55722011
55721830
55721585
55721184
55720922
55720687
55720376
55720156
55719791
55719505
55719148
55718786
55718618
55692707
55692275
55691908
55691341
55659547
55659145
55658769
55658578
55657875
55657605
55655306
55654579
55653843
55653306
55653039
55652714
55652452
55651980
55649928
55649457
55649277
55648790
55648273
55647868
55647135
55646897
55646611
55646328
55646082
55624147
55623814
55623505
55623168
55622623
55622575
55621987
55621792
55621520
55621287
55620241
55612042
55611720
55611118
55610216
55608693
55608013
55607729
55582156
55581775
55581181
55580870
55580429
55580043
55579680
55579048
55578791
55578540
55578216
55577912
55577665
55577390
55577052
55576833
55576448
55576183
55568480
55567806
55567106
55566488
55542812
55541981
55541768
55541434
55541036
55540176
55539876
55538478
55538062
55537542
55536175
55535944
55535575
55535304
55534825
55534525
55534175
55534018
55533760
55530136
55529749
55529041
55528846
55528340
55527798
55527333
55526992
55496102
55495496
55495126
55494746
55371613
55371252
55370668
55370024
55369735
55349135
55344422
55343840
55297248
55296976
55296605
55296185
55295775
55295507
55294856
55294531
55293952
55265557
55265217
55264888
55264392
55263858
55263448
55262997
55262622
55262126
55261747
55260382
55259818
55259132
55258906
55258489
55258202
55257728
55257301
55256938
55256541
55256018
55255601
55254528
55254145
55253655
55227805
55227517
55227147
55226833
55226300
55225205
55224872
55224381
55223840
55223380
55222992
55222346
55219004
55126319
55125894
55125579
55125301
55125031
55103812
55103390
55062960
55026635
54405177
54404456
54395249
52735392
51843801
51843293
51842713
51842308
51841877
51841610
51841394
51841116
51840865
51840555
51840314
51840059
51839750
51837300
51836916
51836519
51835603
51834678
51834195
51833683
51833296
51832572
51832067
51831582
51831113
51830801
51830320
51799101
51798723
51798480
51798239
51797996
51797135
51796845
51788221
51787931
51787660
51787353
51787025
51786572
51786053
51785443
51781907
51781596
51781106
51591757
51591470
51585970
51585587
51557274
51557064
51556743
51556533
51556332
51556064
51555531
51555304
51554957
51554523
51554155
51553826
51553557
51553132
51552820
51552402
51551717
51551335
51549563
51549151
51548753
51407396
51406998
51406728
51406443
51406182
51405707
51405552
51343461
51343165
51342919
51342192
51341861
51341519
51340766
51340492
51340219
51339910
51339625
51279293
51279039
51248827
51248542
51248201
51247942
51247703
51247347
51246346
51246053
51245753
51220427
51220178
51208650
51208385
51208103
51207787
51207511
51207225
51138482
51138252
51137883
51137636
51137335
51136997
51136687
51136382
51136111
51135792
51135242
51122733
51122638
51122514
51116465
51116268
51116079
51115900
51115687
51115360
51115192
51103982
51103611
51103394
51103171
51102752
51102475
51102118
50845065
50844498
50844092
50843767
50843375
50842781
50842429
50841854
50708873
50708502
50708047
50707763
50707397
50707117
50706802
50706402
50705975
50705676
50705106
50679886
50679486
50679144
50678788
50678377
50678078
50677534
50677156
50647450
50646870
50646473
50645985
50645583
50645304
50619597
50618805
50618481
50618231
50617896
50617549
50617236
50616963
50616755
50616441
50616103
50615761
50615434
50615048
50614691
50614337
50613322
50554765
50516012
50515082
50514711
50514412
50514174
50513448
50511887
50511479
50510884
50510577
50510155
50509886
50509580
50509185
50508773
50507859
50507436
50507031
50506644
50505639
50504862
50504476
50504174
50451622
50450423
50450081
50449632
50227717
50227338
50226994
50226657
50226384
50225990
50219386
48730866
48730298
48729650
48606795
48606209
48559105
48558649
48493391
48493072
48492565
48492009
48491440
48491026
48489284
48485079
48418685
48418232
48417641
48417134
48416741
48416249
48415705
48415184
48414852
48414385
48375164
48374807
48374272
48374028
48373720
48373437
48373161
48372748
48372565
48372200
48359059
48358422
48358014
48357264
48356775
48356329
48355922
48355378
48329128
48328947
48328743
48328498
48328337
48328078
48327906
48327676
48327457
48327157
48326970
48326687
48326424
48326265
48326049
48325801
48325548
48325284
48325027
48324645
48324538
48324207
48323857
48323625
48323167
48322736
48322185
48321837
48321413
48321049
48317648
48317303
48316570
48316351
48315624
48295927
48295725
48295574
48295307
48295032
48294856
48294501
48294271
48294096
48293988
48293859
48293655
48293473
48293315
48293103
48292785
48292438
48292217
48292043
48291798
48291563
48290945
48290552
48290308
48289830
48289440
48289042
48288832
48288488
48282590
48281430
48280509
48280052
48278928
48278518
48278198
48255002
48254460
48254230
48253538
48253355
48253054
48252718
48252321
48246004
48245263
48244492
48244059
48243434
48242993
48242481
48242109
48241718
48241398
48239818
48239069
48238832
48238429
48237699
48237512
48237001
48236491
48236254
48235943
48235577
48235025
48210458
48209917
48209197
48208248
48207855
48207315
48206879
48206369
48206064
48205574
48202827
48202351
48201400
48200893
48200383
48199820
48199590
48199191
48178100
48177711
48177319
48176799
48176156
48175655
48175395
48174664
48174171
48173805
48173407
48172812
48165692
48165229
48164898
48164566
48164307
48164021
48163757
48161214
48160846
48160641
48160190
48159559
48157330
48141515
48137508
48137056
48136813
48136280
48135978
48135406
48134863
48129979
48104915
48104199
48023877
48023499
48017613
48017379
47983605
47983101
47982859
47982641
47982235
47960381
47959870
47959497
47958988
47958473
47958084
47957738
47957336
47956790
47956252
47955785
47924581
47924182
47923853
47923527
47923128
47922705
47912419
47912177
47911964
47911547
47911187
47910656
47894219
47893770
47878931
47878667
47878213
47877796
47877558
47874064
47873818
47873628
47873178
47872922
47870782
47870558
47870328
47870107
47844205
47843317
47842451
47834792
47834326
47789539
47785171
47784866
47784315
47782949
47782008
47783020
47782757
47782344
47670176
47643503
47643041
47606530
47605937
47576686
47574551
47573014
47572764
47572353
47571968
47529598
47502423
47501849
47501165
47528201
47527441
47507452
47506573
47505974
47505530
47504881
47504075
47503417
47502938
67784589
67781960
67779608
67762710
67759943
67754451
67750000
67405736
67222717
67209725
67081789
67080816
67080159
67070521
67061707
66978666
66977732
66975931
66974901
66973843
66943830
66943352
66942782
66942301
66941811
66934236
66851563
66850421
66849546
66848734
66848088
66847069
66846467
66844922
66838320
66837540
66827158
66826485
66825921
66825395
66824854
66824257
66786192
66781430
66780343
66779022
66777521
66776723
66775871
66774863
66769670
66767655
66766812
66765880
66764823
66763680
66762226
66760724
66759602
66758097
66756977
66649466
66595211
66594039
66355093
66354511
66354032
66353569
66341749
66322199
66321494
66320839
66319901
66318000
66316208
66315448
66314332
66306612
66305707
66285100
66284586
66283679
66283129
66275371
66248588
66248029
66247144
66217445
66216950
66216408
66215730
66215267
66170654
66170167
66169442
66168919
66160568
66159880
66159270
66158722
66158220
66157622
66157043
66156537
66155907
66155566
66155050
66154552
66154105
66127454
66127180
66126894
66126570
66124817
66124465
66123411
66123090
66109728
66109390
66108996
66099972
66099401
66098968
66098501
66098043
66096947
66090163
66089456
66085224
66084377
66059156
66058710
66058270
66057918
66057507
66052323
66051872
66050943
66027547
66012973
66012823
65975766
65975397
65963557
65962817
65962273
65961781
65961278
65922866
65922404
65922047
65907546
65872055
65871597
65870652
65865222
65864300
65863666
65862728
65854766
65854354
65853735
65847436
65842006
65841450
65840856
65840171
65839722
65808135
65784759
65771905
65770821
65770564
65647372
65597586
65596704
65596102
65595349
65594658
65594188
65593767
65593234
65590160
65589578
65588509
65585753
65585240
65584784
65584366
65584057
65581886
65581526
65581179
65580793
65579082
65574140
65573712
65573325
65572944
65552729
65552232
65551058
65550554
65549985
65549627
65549040
65548433
65547988
65547566
65540668
65533530
65532900
65478777
65478305
65477843
65476958
65476099
65470106
65469610
65469270
65460870
65460437
65459933
65459431
65459088
65458809
65458404
65456371
65455492
65455200
65454627
65454108
65453667
65453281
65452893
65452296
65423496
65423014
65422639
65422238
65421812
65421294
65420875
65415056
65402562
65399601
65399097
65398584
65397995
65397589
65396899
65396453
65394971
65394495
65300173
65299823
65299145
65297463
65291885
65291616
65291282
65290855
65289591
65289069
65288450
65287901
65287280
65279593
65279218
65278783
65278315
65277924
65277481
65277041
65276583
65275856
65271992
65271458
65271050
65270623
65270263
65269622
65266434
65266020
65247689
65247415
65245718
65245143
65244760
65244431
65243959
65243608
65243239
65242931
65242624
65242249
65233096
65232754
65231664
65221750
65215916
65215412
65209086
65208802
65187993
65187724
65187399
65187037
65186522
65185606
65184300
65184001
65183722
65176749
65175141
65166541
65165698
65163010
65160951
65159754
65158428
65147187
65116270
65115861
65115290
65114714
65114238
65113801
65094086
65093682
65093324
65028586
65027602
65027251
65026895
65026520
65021625
65021195
64922707
64922244
64921546
64921115
64920543
64918739
64904791
64904191
64381405
64380819
64380383
64375298
64352680
64297433
64280349
64280062
64279729
64262974
64262639
64262443
64262188
64262009
64261753
64261475
64261242
64260224
64259931
64259342
64258909
64258528
64090882
64033600
64033243
64027167
64026630
64026254
64025865
64025448
64025092
64024570
64024098
64020284
64017950
64014678
64009582
64008759
63960015
63959678
63959287
63958803
63952589
63949834
63948219
63947610
63947229
63907318
63907067
63905434
63837341
63836988
63833282
63832859
63832405
63832009
63819219
63818805
63818303
63817576
63810675
63779619
63779217
63778882
63778542
63772889
63771269
63768861
63767769
63766792
63766020
63765407
63745551
63745039
63744484
63744193
63725870
63721922
63717753
63715954
63715559
63714969
63713731
63712983
63712189
63711772
63441462
63441045
63437508
63436782
63436345
63436073
63404512
63391830
63382566
63362175
63359058
63358537
63354775
63354293
63351907
63297062
63296107
63238627
63238064
63237688
63237236
63215528
63215056
63210840
63003660
62938756
62938137
62735043
62715654
62715174
62710033
62699553
62688684
62684996
62684536
62683190
62682777
62682268
62682011
62681731
62681485
62681289
62680650
62664297
62663948
62663563
62662760
62661766
62661471
62661188
62660814
62660458
62660013
62659565
62659220
62657218
62654955
62654623
62654083
62653773
62653265
62652790
62652307
62651932
62647805
62647350
62592627
62592219
62591184
62590796
62588809
62588476
62588111
62582757
62582538
62582179
62581972
62539715
61113633
61113242
61112016
61105784
61103672
61102747
61066368
61064737
61039912
61039598
61039111
61038782
61038480
61024721
61014839
61013374
61012898
61011847
61011485
60995270
60994968
60994474
60994156
60993794
60993238
60992875
60992632
60990918
60985831
60985439
60985172
60984828
60984266
60983937
60983633
60975876
60970225
60963955
60940679
60934493
60925968
60898973
60892162
60891746
60887370
60886975
60886133
60884799
60874668
60853089
60852751
60852080
60846884
60846645
60803831
60803345
60802697
60802364
60801538
60795072
60790223
60789968
60774449
60773979
60773101
60771958
60770735
60769822
60760784
60759902
60759447
60759176
60758755
60752869
60752035
60751545
60751073
60750638
60750270
60748548
60748069
60747658
60747295
60717775
60717324
60716866
60712110
60711822
60708171
60698787
60674332
60674007
60592887
60576045
60490395
60490094
60466192
60465856
60465556
60465150
60455490
60455139
60452288
60442262
60441227
60399168
60393234
60392830
60389236
60355568
60354288
60349671
60346543
60319511
60312778
60312466
60305995
60305519
60298881
60283834
60283276
60282838
60281614
60280505
60280097
60279676
60279318
60278838
60278596
60241252
60240889
60240373
60239966
60239565
60239164
60238720
60237817
60228434
60227854
60226813
60226061
60225426
60225058
60224649
60224267
60223798
60222060
60221718
60219511
60219251
60218760
60216057
60215850
60215147
60214982
60129409
60129088
60128748
60126160
60122743
60122097
60106506
60105967
60101416
60101133
60096013
60095641
60095166
60094851
60094489
60094212
60093431
60092039
60090526
60090150
60089861
60089565
60089010
60088640
60088214
60087729
60057356
60057055
60056248
60055990
60055664
60055256
60055005
60046794
60044232
60042444
60033191
59971114
59970455
59970172
59969472
59957349
59956935
59956668
59956075
59955273
59954556
59954113
59953595
59953164
59952329
59951419
59950975
59916692
59916379
59915838
59915442
59915125
59914365
59911475
59909526
59907460
59907036
59873461
59867375
59866840
59866109
59865481
59864486
59863049
59860727
59860364
59860015
59854645
59853980
59836684
59835826
59835493
59835091
59828921
59827993
59827730
59827452
59827139
59812395
59812144
59811744
59810637
59810368
59791800
59791530
59791133
59790920
59790687
59790458
59790240
59790012
59761408
59761192
59760933
59745314
59745053
59744780
59744561
59744356
59744067
59743838
59743499
59743279
59742985
59734646
59734296
59734013
59733564
59733267
59727023
59720555
59700542
59700307
59700053
59699801
59688834
59684362
59684090
59648417
59645344
59612810
59612559
59612133
59611235
59610928
59607182
59606819
59584927
59568442
59562582
59552946
59552704
59552417
59547437
59524122
59523858
59523582
59522597
59520344
59518620
59518159
59517715
59516533
59515927
59515065
59514399
59513901
59511311
59510868
59509727
59509189
59508823
59507863
59504486
59504216
59503827
59503511
59503215
59501339
59500258
59499164
59477127
59476836
59476585
59476243
59475686
59470238
59469828
59469517
59468846
59468539
59467868
59467639
59467229
59466946
59465064
59464597
59464317
59463904
59459959
59459555
59459158
59458908
59458510
59456567
59412669
59412267
59411687
59411269
59410655
59405527
59404919
59404450
59370610
59369979
59369428
59368411
59368121
59364217
59363555
59362926
59359863
59359270
59358429
59358065
59353083
59352869
59352613
59352296
59352061
59347824
59334139
59333766
59333434
59332882
59332173
59331889
59324863
59322457
59319966
59319356
59318802
59314781
59314409
59311326
59282289
59281991
59279290
59265877
59262372
59248049
59247647
59247320
59246991
59246729
59246466
59246028
59242125
59241306
59240631
59240153
59235810
59232859
59232618
59231380
59230779
59230365
59230028
59224403
59222641
59222393
59222179
59219561
59219455
59204553
59204233
59203710
59202842
59202564
59200810
59200289
59199835
59181433
59180980
59178217
59178007
59177714
59176533
59164031
59163805
59163413
59163184
59162926
59162512
59162109
59161858
59161675
59161297
59160705
59155820
59155142
59113996
59085997
59070947
59070452
59070028
59069091
59067154
59066795
59061154
59060528
59060107
59059403
59058698
59058128
59057694
59057381
59054329
59046656
59045366
59044144
59030333
59029991
59029606
59029271
59027289
59026975
59020991
59019300
59018994
59015946
59015483
59015017
59014490
59014173
59013857
59011980
59011053
59008772
59006862
59006596
59006383
59006159
59005844
59005454
59004461
58984868
58984472
58984208
58983993
58981528
58979352
58978543
58978107
58977228
58976690
58971985
58944046
58943233
58942891
58942446
58941949
58941506
58933427
58933092
58932820
58925286
58923198
58922826
58921978
58921499
58916551
58916348
58898585
58898341
58897900
58897531
58897199
58896842
58891408
58885880
58885629
58885399
58885079
58884729
58884385
58883956
58883738
58875088
58851532
58851154
58850691
58850389
58849964
58849515
58849269
58849052
58837337
58801228
58759771
58759486
58754087
58727484
58726838
58723321
58722974
58722505
58721521
58719982
58719134
58716315
58715964
58709738
58634396
58632821
58631670
58631080
58630618
58630318
58630038
58629737
58629427
58629183
58628574
58622424
58622239
58567118
58566971
58566834
58566694
58566130
58565738
58565596
58561640
58554975
58511002
58510568
58510216
58509787
58509424
58446772
58431288
58431031
58430722
58430520
58430196
58428537
58428212
58282383
58282180
58282023
58281824
58281480
58262641
58261392
58260356
58093740
58074366
57985177
57974797
57942193
57895259
57885531
57747390
57747023
57746530
57746294
57705181
57701573
57700494
57700270
57699663
57699299
57658626
57656431
57656022
57654642
57654352
57654060
57653755
57653431
57653145
57619518
57577011
57576421
57576118
57575761
57573145
57569665
57569385
57568999
57563144
57545877
57545633
57545417
57545085
56948028
56947610
56947003
56946642
56945923
56945721
56945009
56942457
56942105
56940288
56939049
56938596
56937017
56936648
56936257
56935485
56935219
56933178
56932789
56932560
56931877
56931182
56929954
56929716
56927861
56903622
56903067
56902857
56902431
56901160
56900618
56899919
56899412
56898467
56897806
56897399
56897065
56896443
56895854
56895389
56895122
56894879
56888888
56827008
56824292
56822398
56821647
56819557
56819044
56817959
56817455
56813888
56813216
56812900
56812364
56811468
56809204
56808014
56807834
56807627
56805179
56804979
56804336
56804104
56794604
56793518
56792596
56778641
56772121
56771712
56771414
56769516
56769219
56766877
56766463
56766221
56754717
56754363
56754146
56753762
56745858
56745195
56744791
56744144
56729647
56729219
56728322
56687438
56683029
56682640
56682389
56662461
56659825
56659519
56655367
56655097
56654774
56654350
56653964
56653528
56653109
56652745
56648926
56648343
56644926
56644637
56644244
56643657
56641266
56641042
56640182
56627445
56627275
56627025
56626836
56626610
56626340
56626115
56625888
56625658
56625420
56613596
56613226
56612718
56612396
56612056
56607967
56606693
56606127
56601631
56534604
56533589
56533221
56532789
56520061
56519465
56519054
56518822
56513995
56513610
56513270
56501276
56501035
56500412
56491058
56488996
56485990
56485393
56478393
56470839
56470557
56470360
56470189
56458828
56458621
56458416
56458178
56457903
56452918
56452700
56452340
56452022
56448243
56447153
56446694
56441580
56438584
56438286
56437865
56437351
56433668
56433479
56432026
56431844
56431587
56431285
56430787
56430281
56430050
56429797
56429585
56429357
56407930
56407599
56405155
56404887
56404512
56404152
56387857
56364358
56363999
56363575
56363362
56362138
56361705
56359542
56359253
56358928
56358710
56352120
56351704
56351488
56351105
56350880
56350571
56329906
56329559
56329164
56328903
56328674
56328345
56327585
56327287
56326925
56326673
56315914
56315603
56309709
56309447
56308541
56308050
56307542
56307069
56306774
56306573
56306343
56305343
56305190
56281663
56281447
56281198
56280917
56280450
56280286
56280031
56279746
56279566
56279279
56279017
56278690
56278439
56278018
56277726
56277461
56277234
56276863
56276644
56271299
56270994
56270674
56270267
56269931
56269673
56269342
56268644
56268181
56267997
56267405
56267111
56266852
56266615
56247301
56247019
56246107
56245734
56245518
56245276
56244800
56244216
56243821
56242128
56239555
56239227
56238967
56238622
56238333
56238000
56237615
56237300
56236800
56235778
56235161
56234211
56233203
56165879
56162954
56162439
56116515
56116135
56113886
56113288
56110149
56109774
56109486
56109270
56108883
56107201
56106971
56106466
56106283
56105939
56105534
56105322
56105083
56104791
56104557
56104207
56103888
56103635
56103336
56103104
56102754
56102586
56102342
56076790
56076419
56076121
56073870
56073604
56072376
56072038
56071774
56071521
56071245
56070712
56068423
56066232
56062623
56060565
56047952
56038810
56036840
56035135
56034067
56033716
56030659
56030160
56029829
56029370
56029073
56028486
56025788
56024791
56024104
56023785
56023552
56023275
56022906
56022665
56021885
56021529
56021307
56021074
56020798
56020492
56020325
56020076
56019842
56019707
56019435
55999625
55999113
55998149
55997689
55991536
55991192
55990526
55990011
55989381
55987891
55987214
55985187
55984833
55984408
55984049
55983727
55982240
55982020
55981844
55981589
55981136
55980707
55966183
55957239
55956916
55956441
55956208
55951518
55951263
55949651
55924515
55921954
55913801
55913152
55911738
55911226
55910633
55910387
55909526
55909251
55908966
55908684
55901722
55901555
55901180
55898222
55886338
55883111
55882638
55881871
55881351
55880734
55880473
55880142
55879734
55879458
55876839
55876568
55876264
55875850
55874727
55831216
55830913
55830460
55830060
55829704
55829466
55829130
55828793
55828497
55828256
55827942
55827475
55827268
55826954
55826680
55826237
55825802
55825573
55825162
55824861
55824528
55824149
55823886
55823547
55823359
55823046
55822648
55822093
55821948
55821780
55821453
55819954
55819687
55819449
55797776
55797253
55797052
55796411
55794841
55776034
55775118
55774599
55774173
55773953
55773709
55773405
55773155
55772959
55772707
55772099
55771808
55771576
55768646
55768456
55767939
55767684
55767477
55766637
55766402
55765913
55763497
55762620
55761050
55760779
55760508
55760202
55759784
55757900
55757163
55756946
55754628
55754360
55753217
55753055
55752904
55752605
55740912
55740715
55740436
55739921
55739669
55739328
55738977
55738622
55738329
55732107
55731855
55731279
55730792
55730394
55724492
55722241
55722033
55721784
55721448
55721186
55720987
55717403
55691549
55690888
55689803
55687407
55676591
55676469
55676338
55676128
55675870
55675709
55664151
55663841
55663607
55663431
55663131
55662294
55662035
55660025
55659732
55659400
55659079
55658760
55658443
55657380
55657002
55656611
55656112
55655755
55655487
55655247
55655001
55654593
55654364
55653655
55653436
55653154
55652755
55652220
55651802
55651485
55651286
55651002
55650605
55649963
55649705
55649412
55649075
55648556
55647895
55647138
55646700
55646128
55645763
55645321
55644872
55644532
55644313
55644035
55643859
55643466
55643176
55642853
55642133
55641903
55640989
55640777
55640510
55640297
55640001
55639173
55638836
55638404
55637790
55637603
55637400
55637239
55636888
55636605
55616408
55616155
55615914
55615684
55615374
55610472
55609074
55608470
55607825
55605576
55604662
55604198
55603959
55603353
55603076
55602851
55602495
55602257
55601656
55601481
55601273
55601029
55600888
55599622
55599285
55598287
55597801
55597529
55597344
55597134
55596556
55596327
55596113
55587793
55587456
55587235
55587084
55586861
55585617
55585420
55585182
55584951
55584641
55584306
55584091
55583770
55583464
55583083
55582730
55582073
55581770
55579981
55578237
55576832
55576545
55573941
55573677
55572428
55572116
55569803
55569510
55568280
55567834
55567207
55566883
55566353
55566079
55565490
55565172
55564856
55564113
55563751
55563412
55563152
55562714
55561802
55561505
55561290
55560867
55560371
55560127
55559905
55559555
55558841
55557892
55557539
55556362
55539942
55533941
55532681
55532284
55528376
55527826
55526515
55526043
55525658
55525120
55524839
55524621
55524426
55523960
55523247
55522874
55522533
55522318
55522069
55521853
55521649
55521479
55521252
55520980
55520648
55520347
55519825
55519462
55519115
55518788
55517770
55517517
55516693
55516334
55516073
55515886
55515659
55515373
55515050
55488444
55487971
55487614
55487292
55486997
55485947
55485567
55485244
55484841
55484546
55484068
55483566
55483142
55482572
55482245
55482005
55481552
55481288
55481050
55480834
55480562
55480249
55480009
55479742
55479138
55478849
55478558
55478235
55477980
55477761
55477427
55477106
55456760
55443611
55443322
55442902
55441989
55441318
55440675
55440362
55439134
55438888
55438593
55438229
55438015
55437801
55425995
55425814
55425530
55425190
55425074
55424910
55424704
55424473
55424324
55423486
55422815
55421378
55421109
55420707
55420395
55419947
55419780
55419452
55419176
55418933
55418621
55418267
55417712
55417503
55417259
55416987
55416712
55416487
55416236
55415651
55415273
55414481
55414228
55413491
55412702
55412345
55411509
55411028
55410598
55410135
55409920
55409642
55409185
55408929
55406019
55405757
55402926
55401962
55401068
55400830
55385446
55383803
55383582
55382499
55382118
55381823
55378758
55378537
55378290
55378063
55377757
55377329
55368805
55367559
55367189
55365856
55365608
55363553
55363266
55363049
55328894
55328555
55328214
55327972
55327595
55327234
55096429
55096153
55095840
55095557
55095188
55069034
55068762
55068484
55068241
55067995
55067747
55067502
55067069
55066646
55064301
55064071
55063847
55063664
55063425
55063202
55062981
55050209
55050077
55012369
55012052
55011898
55011631
54978793
54978608
54956940
54946417
54945859
54944057
54942479
54939342
54939098
54938309
54937785
54937385
54936188
54935643
54920991
54920695
54920471
54920162
54919564
54919333
54918300
54918068
54917150
54915621
54914851
54913108
54912817
54912100
54911683
54911380
54911094
54910860
54910455
54909666
54907976
54907674
54907148
54906731
54906421
54906194
54905957
54903471
54877709
54868207
54846907
54845021
54844809
54844623
54841583
54840924
54840560
54840192
54839946
54839355
54839016
54838683
54838359
54837865
54837500
54837184
54836852
54836679
54836384
54835036
54834627
54834210
54833972
54833041
54832395
54831783
54828669
54828399
54828214
54807679
54807407
54804763
54801079
54793767
54788359
54779443
54779231
54777951
54769765
54763432
54739589
54737290
54736599
54735870
54730651
54726174
54724703
54698048
54638181
54635618
54633958
54573704
54519052
54513200
54512282
54511552
54510603
54492734
53924785
53834914
53833713
53784435
53783204
53775628
53774250
53773511
53767604
53681190
53680664
53679853
53679405
53678435
53669952
53669109
53668574
53617097
53616688
53616104
53615562
53614791
53593402
53592555
52076676
52075545
52075281
52073254
52073089
52065070
52064854
52022629
52022263
52021959
52021685
52021121
52020925
52020658
52020437
52020177
52020014
52019805
52007034
52006879
52006609
52006410
52006215
52006025
52005824
52005643
52005471
51973463
51973118
51972859
51972510
51972099
51971749
51971326
51970771
51970455
51970216
51946872
51946561
51946274
51932657
51932346
51931883
51929559
51928322
51927803
51926784
51918365
51918039
51916151
51915924
51915696
51915452
51915189
51914850
51911929
51911567
51866700
51866456
51862501
51858272
51857550
51856877
51856582
51830391
51829935
51829305
51828812
51828410
51828068
51818959
51818155
51817465
51816761
51816050
51814385
51813760
51813182
51811792
51810441
51809925
51809493
51808608
51807296
51806362
51777813
51768909
51768412
51765401
51765115
51764736
51761477
51726633
51714151
51680599
51669362
51655626
51650769
51650060
51620731
51614451
51613107
51610021
51609842
51587737
51587330
51583417
51583158
51579595
51577612
51577445
51576337
51575252
51575077
51574888
51572084
51549217
51548659
51547046
51546088
51545475
51544445
51544007
51543792
51543566
51538045
51527800
51527530
51527099
51526728
51526509
51526244
51521953
51521701
51521432
51521179
51520463
51520198
51519931
51519581
51519353
51519111
51518880
51518714
51518401
51517144
51489937
51489774
51489517
51489219
51489036
51488787
51488609
51487815
51487460
51487195
51486956
51486576
51486060
51482558
51482289
51481659
51481191
51480882
51480556
51480272
51479871
51479609
51478965
51478474
51478261
51478025
51477771
51474661
51474383
51474193
51376347
51375701
51375318
51374930
51374417
51374193
51373899
51373466
51373128
51372670
51372050
51371726
51371360
51371093
51370407
51370086
51368574
51368249
51367682
51367429
51367209
51366898
51366054
51365786
51365536
51365346
51365082
51364927
51343213
51341745
51340064
51339402
51339100
51338653
51338272
51337992
51337708
51337292
51337006
51336637
51336274
51335889
51335572
51335342
51335120
51317286
51317113
51316934
51316668
51316398
51315388
51304829
51276974
51276686
51275578
51274308
51273532
51273275
51272671
51272418
51272109
51271727
51270770
51270553
51270316
51269775
51269245
51269001
51268337
51267573
51265570
51249025
51248768
51248453
51248141
51247746
51247429
51247131
51246810
51246552
51246340
51246031
51245502
51245231
51243188
51238345
51237843
51235324
51233648
51228924
51228661
51228008
51214536
51214177
51213888
51213560
51213249
51212611
51198114
51197971
51197283
51197097
51196779
51196343
51195951
51195629
51195406
51195116
51194498
51194293
51194149
51193794
51193264
51193089
51192826
51192488
51182759
51182550
51182274
51169690
51169423
51169128
51167168
51166931
51070436
51069380
51068994
51068464
51068098
51067839
51067587
51067313
51038179
50900561
50900369
50867283
50867042
50833820
50833419
50833207
50806986
50804131
50803840
50788505
50788172
50777815
50777537
50777331
50776921
50776588
50776388
50776211
50773495
50773084
50772903
50772635
50772400
50772165
50767652
50767442
50767117
50766861
50766635
50766480
50766292
50766141
50766000
50765859
50639223
50639036
50638837
50638569
50605385
50445866
50445621
50439671
50439492
50073429
50073181
50072798
49965811
49964713
49964518
49947688
49926060
49925876
49911397
49911053
49910782
49910488
49910258
49909983
49909667
49909297
49909010
49902647
49902349
49901956
49901671
49901473
49901178
49900955
49900655
49900313
49899986
49899744
49899427
49899176
49893636
49893292
49893049
49892897
49892761
49892575
49892347
49757145
49756872
49756678
49756461
49756253
49733595
49727718
49722823
49721977
49721596
49721222
49720980
49720711
49720495
49720290
49719371
49606732
49606368
49606083
49605887
49605654
49605412
49605161
49604828
49595315
49585558
49488598
49486514
49421211
49420764
49420568
49420349
49416877
49416615
49416381
49416207
49415946
49415709
49381378
49381165
49351970
49347616
49343310
49322678
49322436
49322202
49317633
49316087
49313929
49309519
49274249
49010977
49009711
49009473
49008938
49007735
49006745
49006451
49006184
49005913
49005698
49005487
49005294
49005050
49004733
48272604
48058690
47993861
47993580
47946759
47929871
47891439
47890859
47889909
47887044
47886775
47886491
47884474
47879939
47876170
47875490
47873205
47851229
47850636
47847623
47839488
47839282
47839083
47824694
47823753
47821848
47820102
47818460
47812621
47810832
47805463
47805132
47804943
47777178
47776876
47772223
47711355
47711001
47710508
47702065
47699167
47677025
47669757
47639920
47636221
47635896
47630916
47604748
47602385
47598810
47596493
47582472
47558308
47533358
47531502
47531165
47530455
47528247
47525369
47522208
47520208
47495413
47495159
47425965
47425400
47425164
47397749
47397463
47396467
47394015
47393392
47391510
47390440
47364354
47362240
47361929
47361238
47360371
47359554
47344282
47343760
47343568
47343432
47343223
47327174
47311318
47311166
47310956
47310790
47310640
47310280
47309006
47308819
47308702
47308615
47308494
47308359
47308138
47307663
47307508
47307367
47306593
47306413
47291269
47290587
47290138
47288285
47287960
47236618
47229515
47109076
47100510
47099080
47088167
47065339
47062643
47061763
47027953
47023397
47013225
47011965
47005623
46992278
46982361
46976080
46973392
46972508
46953462
46953172
46952996
46952838
46952651
46952530
46952367
46952197
46949115
46948775
46947089
46946925
46928662
46928540
46928045
46914883
46892904
46892686
46892047
46891853
46887362
46887030
46886179
46881204
46865234
46862280
46861064
46851763
46851572
46851056
46850759
46837113
46836873
46836705
46807865
46807653
46807448
46807330
46807218
46806994
46803807
46803551
46803326
46801965
46800646
46800395
46800144
46797154
46788863
46777694
46776934
46776754
46773841
46773672
46772683
46758694
46758373
46715292
46715161
46714559
46714422
46714277
46713403
46710591
46707354
46707165
46706878
46681472
46677546
46671412
46653507
46653393
46653288
46653157
46650593
46650398
46650118
46648774
46648579
46648383
46648111
46647864
46647689
46639985
46639131
46637840
46635144
46634128
46633967
46624056
46623918
46623822
46614023
46613761
46613512
46613255
46612910
46609239
46608141
46607933
46607661
46606612
46606041
46605771
46605479
46605210
46604952
46592566
46590652
46582728
46572420
46572156
46571967
46571493
46563937
46563073
46562906
46561480
46561311
46561128
46560944
46560785
46560600
46559101
46558483
46555389
46555128
46546431
46542233
46541886
46541711
46534621
46534433
46532983
46532870
46532761
46532136
46532032
46531841
46526688
46526236
46525926
46525638
46525342
46525032
46524798
46524627
46524371
46524130
46518991
46518771
46518378
46518146
46517952
46517705
46517530
46517334
46517151
46516909
46516690
46516521
46516309
46515402
46505460
46497900
46497685
46496971
46496681
46496377
46496046
46495849
46495605
46494625
46494233
46493952
46493724
46493508
46489195
46486260
46486013
46480008
46479801
46479499
46479227
46454098
46418440
46417972
46417792
46417547
46417018
46394202
46393879
46393608
46393354
46393134
46392880
46392036
46391683
46391464
46391120
46390909
46390215
46390082
46389789
46389561
46387987
46387479
46387352
46387228
46387014
46386861
46386679
46386118
46385889
46385086
46377551
46377358
46377155
46372671
46372447
46372253
46372094
46371882
46371680
46371485
46371205
46370992
46370738
46369625
46369326
46366742
46366346
46366126
46365866
46365574
46365338
46364835
46364588
46364322
46364152
46363935
46363696
46362981
46362706
46362195
46361910
46360495
46360327
46360092
46359877
46359675
46359409
46359218
46359069
46358728
46358154
46357697
46357504
46357301
46356940
46356609
46356148
46355857
46346547
46346323
46345029
46343508
46343280
46343070
46342892
46342672
46342278
46342086
46339189
46338945
46338720
46338483
46338283
46337654
46336097
46335753
46335329
46334186
46332683
46332366
46331273
46331022
46328347
46328171
46327999
46327431
46327256
46306359
46306006
46305648
46305030
46304739
46304171
46303790
46303434
46303189
46302952
46302727
46302472
46302205
46301552
46301255
46301027
46300548
46300281
46300077
46299824
46299606
46299392
46299245
46299069
46297722
46297526
46297400
46297068
46296827
46296688
46296542
46296159
46294909
46294779
46294627
46294512
46294375
46286411
46280944
46279835
46279690
46279077
46277114
46276881
46274775
46273932
46272525
46272299
46272111
46269695
46269389
46269130
46268799
46264021
46263846
46253779
46253619
46245248
46244939
46215330
46215142
46214881
46213777
46213565
46213369
46213143
46211024
46209747
46208640
46208402
46208198
46207587
46206749
46205745
46205623
46205433
46205169
46204537
46204268
46204025
46202585
46202303
46202119
46201644
46201446
46201197
46201040
46200737
46200611
46200443
46200217
46200079
46199890
46185026
46184756
46181033
46180841
46179079
46178783
46177726
46177458
46176378
46176148
46175890
46175653
46174950
46173746
46172535
46172319
46172156
46171643
46171510
46171343
46170929
46170757
46170505
46170330
46160189
46160012
46159631
46159384
46159108
46158770
46155044
46150885
46149529
46145973
46144827
46144626
46143590
46143133
46142962
46142384
46142235
46142023
46141813
46141605
46141444
46140877
46127858
46124176
46123893
46117476
46117282
46116985
46110794
46110592
46110260
46102197
46098193
46089345
46087935
46087816
46087649
46085423
46084329
46084156
46083309
46083110
46082034
46080647
46080533
46080354
46068677
46068456
46040804
46029717
46029507
46029239
46029010
46026627
46026393
46026240
46026036
46025869
46025621
46022201
46019935
46007303
45997496
45996444
45996235
45995435
45994645
45994436
45992220
45990040
45972342
45971891
45971516
45969637
45967315
45967098
45966228
45965974
45965685
45963721
45963527
45962245
45962041
45938287
45937944
45937677
45937334
45937005
45936513
45936229
45936047
45932645
45932499
45932361
45903584
45903435
45880700
45877397
45876592
45876323
45874502
45873815
45873374
45871696
45870146
45869594
45869398
45869264
45869098
45786904
45786609
45783821
45781251
45781081
45760093
45759844
45759594
45759329
45755623
45755352
45754396
45754163
45752351
45749835
45748974
45748829
45747952
45747852
45747673
45731020
45730718
45730460
45730201
45724474
45724165
45723975
45717747
45693966
45691662
45690610
45690032
45668822
45666604
45666272
45663218
45662067
45661731
45660582
45660386
45641725
45613490
45613284
45612975
45612789
45608245
45607888
45607587
45607314
45578442
45578189
45577906
45577565
45574487
45573924
45573716
45573471
45567170
45566655
45566018
45565473
45550434
45547652
45546818
45544106
45543841
45537793
45537671
45537531
45537370
45536257
45517247
45514057
45513785
45513255
45512941
45508029
45506364
45506094
45505890
45492009
45487748
45482080
45480415
45477717
45474883
45455586
45446566
45446373
45446216
45425311
45391887
45370675
45370300
45364077
45363781
45363538
45363239
45363010
45359188
45358878
45351119
45350987
45350873
45339542
45322618
45309610
45307719
45300212
45263998
45263831
45233866
45233645
45233256
45233068
45229479
45213467
45213217
45213037
45212754
45212528
45212228
45200995
45198625
45169999
45123817
45123576
45123337
45078792
45061132
45060840
45047646
45047495
45032581
45020358
45006640
45006418
45006184
45005980
44973375
44908614
44433772
44383334
44253777
44253632
44198986
44198822
44165440
44160007
44140024
44139767
44111317
44110990
44104508
44029243
44021406
44021194
44020970
44019282
44014352
43999194
43998942
43998717
43989970
43989408
43966152
43965025
43960581
43958231
43957990
43905538
43905254
43905030
43900956
43897862
43897487
43897203
43878773
43867293
43867028
43866806
43862944
43842145
43841856
43841403
43839264
43835265
43833963
43833801
43818226
43816878
43816566
43816056
43809266
43809062
43793904
43793738
43793503
43793289
43792953
43790960
43790634
43783321
43783061
43782768
43782522
43780967
43778256
43777881
43777738
43759753
43759454
43758260
43757986
43747296
43745662
43744483
43743837
43743661
43743469
43743253
43726505
43726224
43718805
43715547
43695499
43690526
43688682
43686242
43685876
43684444
43682957
43673867
43669479
43669123
43668839
43668563
43664925
43664165
43663382
43662261
43661714
43660159
43659549
43656850
43656419
43655725
43655574
43637368
43635945
43635283
43634998
43634682
43634008
43633778
43633097
43632864
43632658
43630736
43629343
43624663
43614879
43614565
43611294
43608794
43606466
43603693
43602672
43600977
43599749
43599490
43597414
43594771
43586997
43585044
43584812
43584533
43583290
43582029
43575252
43574884
43573327
43573068
43571208
43570937
43569287
43569084
43568900
43566466
43566343
43566190
43552696
43552433
43552225
43535685
43519426
43519127
43518380
43517176
43515951
43515700
43515408
43515137
43511449
43511089
43509769
43509000
43508357
43507905
43506642
43506482
43506171
43498745
43498526
43498077
43497836
43497584
43497443
43489142
43486599
43486310
43485829
43480275
43480075
43479939
43479709
43479368
43479183
43478706
43477149
43476138
43464352
43460615
43459669
43457462
43456830
43455297
43454612
43452008
43450825
43450449
43450087
43449719
43448961
43446431
43446180
43445100
43437836
43437510
43434895
43434651
43434267
43432891
43432544
43432314
43430704
43429101
43428838
43426466
43425560
43423684
43422976
43422282
43421923
43421693
43421534
43416803
43416665
43416541
43416224
43405268
43404995
43399821
43396344
43395871
43395105
43394538
43393567
43393225
43392963
43391732
43391495
43390379
43389985
43389480
43389179
43389029
43388466
43388073
43387883
43371192
43370943
43370458
43368907
43368655
43367832
43367206
43366922
43366575
43366265
43364993
43364750
43362426
43362226
43360828
43360581
43359560
43359007
43358652
43340799
43340524
43340304
43339931
43271574
43252151
43243646
43242233
43240764
43240508
43239974
43238854
43238485
43238123
43237875
43234781
43234624
43234196
43220790
43219911
43216153
43215336
43214599
43213267
43211619
43206038
43205280
43204398
43194919
43194643
43194217
43192451
43189873
43189470
43188314
43187880
43185822
43185183
43184481
43183891
43183563
43183017
43182294
43181487
43181106
43180661
43180207
43179910
43179574
43179335
43178386
43178201
43177983
43177685
43175737
43175569
43158961
43158648
43156664
43156353
43156092
43155834
43154246
43153219
43152564
43152326
43152113
43147029
43146853
43146578
43146241
43146031
43145752
43141338
43141204
43141070
43132739
43132501
43132253
43132035
43131824
43131501
43131261
43131076
43130850
43130256
43129931
43127542
43127034
43126753
43126483
43126221
43125971
43125743
43125475
43125240
43114698
43100855
43100414
43100088
43098143
43085318
43069059
43068736
43068459
43065816
43065449
43063578
43063197
43062679
43062385
43061637
43061342
43061041
43060768
43060474
43060183
43059862
43058831
43058357
43057977
43057167
43056808
43056548
43056266
43055503
43055266
43055042
43054757
43054353
43053335
43035884
43034772
43034404
43033883
43033285
43033042
43032675
43032361
43032091
43031473
43030830
43030202
43029862
43027837
43027115
43026726
43026427
43026188
43026016
43025297
43025017
43024395
43016421
43016225
43015750
43015501
43013029
43012738
43012526
43011788
43011177
43009644
43009205
43001739
43001457
43001217
42978858
42975945
42975521
42974738
42974341
42974004
42973743
42973481
42973119
42972663
42971527
42971224
42970996
42970732
42970387
42970188
42970015
42968918
42967111
42966688
42966325
42965559
42965359
42964832
42964609
42964287
42943914
42943697
42943436
42943177
42942872
42942609
42942057
42939353
42939140
42935365
42934943
42909763
42909438
42907820
42907585
42906823
42906631
42906380
42905329
42905062
42904900
42903971
42896904
42895113
42894670
42893974
42893621
42893333
42893118
42892741
42890319
42889482
42889191
42882789
42882577
42880313
42880094
42863425
42863189
42862916
42858714
42858490
42857827
42857057
42856504
42855861
42854587
42853959
42853577
42853208
42848830
42848516
42847822
42847508
42847289
42847111
42831622
42831312
42830917
42829521
42827064
42826672
42826395
42826159
42825147
42824912
42824615
42824262
42821137
42820861
42820600
42819564
42819185
42818779
42818579
42817855
42810577
42806615
42805722
42805034
42804729
42800373
42799991
42799604
42798126
42795192
42794161
42793906
42792764
42792428
42791932
42791353
42790932
42790545
42790095
42789888
42789618
42788784
42782616
42782397
42782156
42781859
42774453
42773676
42773418
42771529
42770963
42770528
42770184
42769865
42769105
42768793
42768388
42768024
42766062
42765618
42765311
42765030
42762609
42762431
42762206
42761945
42761013
42760642
42760440
42760176
42759997
42758850
42752411
42752174
42751842
42751545
42747948
42747485
42743663
42743233
42742800
42741923
42741148
42740826
42740346
42739966
42739558
42739206
42738803
42738503
42738077
42737797
42737443
42737124
42736678
42736288
42735967
42735674
42735465
42735202
42734987
42732887
42732576
42732374
42732190
42731754
42731573
42730590
42730412
42730161
42729936
42721859
42721568
42721309
42720981
42720664
42713623
42712321
42712055
42711812
42711459
42711086
42708806
42708465
42708160
42707880
42707480
42707090
42706784
42703718
42703273
42703043
42702715
42702518
42702315
42702097
42701871
42701630
42701422
42701233
42701033
42700860
42700673
42682368
42682147
42681823
42681538
42680505
42679084
42678855
42678578
42678286
42663554
42661554
42660469
42660025
42659519
42659117
42657424
42654523
42654148
42652670
42652179
42651524
42651163
42650786
42650474
42649947
42649554
42649294
42647343
42647137
42645371
42645147
42644929
42644728
42635754
42635470
42635205
42634983
42634704
42634465
42634269
42634056
42626695
42626271
42625855
42625227
42624951
42624588
42596637
42541997
42541720
42541438
42541192
42540966
42539507
42536949
42536580
42473117
42472827
42472412
42459072
42458258
42457851
42457541
42457250
42456994
42456739
42455270
42455060
42454811
42454528
42454262
42453916
42451944
42445191
42444005
42443623
42443259
42434438
42434329
42434202
42434035
42433853
42433641
42426049
42425728
42425437
42425131
42423814
42419899
42419521
42419168
42414280
42413782
42391619
42391353
42383978
42383598
42383346
42374880
42374311
42356404
42354042
42353700
42353331
42352985
42352602
42352278
42342360
42342035
42341864
42341614
42338356
42338016
42337636
42337282
42336979
42323416
42323112
42321922
42321571
42320871
42320620
42320144
42319813
42319553
42319299
42319060
42318778
42318497
42318243
42318038
42317785
42311182
42310916
42310744
42310588
42310420
42309990
42309824
42309473
42309181
42308938
42308646
42308322
42307846
42307372
42307160
42306964
42306646
42306387
42306093
42305677
42305256
42302158
42301452
42301001
42300356
42299856
42299236
42298864
42295866
42295498
42295043
42294577
42294230
42293842
42293441
42293053
42292648
42292213
42291831
42290687
42290372
42290008
42289700
42289337
42288901
42288451
42288105
42287841
42287539
42275051
42274766
42274487
42274173
42273901
42251732
42240956
42240476
42239594
42239242
42236108
42235840
42234828
42233325
42232373
42231974
42231569
42231005
42230575
42229908
42228973
42228615
42228388
42227702
42227450
42226510
42226294
42226064
42225755
42225555
42224003
42223248
42223015
42222817
42221960
42221829
42210149
42209814
42209535
42206718
42206419
42206099
42202046
42201661
42200375
42199780
42199350
42199035
42198157
42197875
42197605
42197146
42196842
42194227
42191732
42184820
42175929
42175685
42174559
42167971
42167105
42165091
42164850
42164116
42163770
42160253
42148040
42147734
42145402
42145085
42142138
42141653
42140806
42140317
42137690
42137280
42136936
42135533
42134855
42134547
42134291
42134020
42133370
42133133
42132755
42132344
42132101
42131583
42131177
42130946
42130517
42130266
42130018
42128936
42121451
42121033
42120736
42120469
42120111
42119828
42119480
42116042
42115484
42115010
42114627
42114123
42113424
42113024
42112633
42112301
42111907
42111495
42111202
42107334
42107112
42106752
42105813
42105501
42102672
42102175
